source_number	x_image	y_image	class_star	mag_aper_F606W	magerr_aper_F606W	flux_aper_F606W	fluxerr_aper_F606W	snr_F606W	nmad_F606W	mag_aper_F814W	magerr_aper_F814W	flux_aper_F814W	fluxerr_aper_F814W	snr_F814W	nmad_F814W	mag_aper_F115W	magerr_aper_F115W	flux_aper_F115W	fluxerr_aper_F115W	snr_F115W	nmad_F115W	mag_aper_F200W	magerr_aper_F200W	flux_aper_F200W	fluxerr_aper_F200W	snr_F200W	nmad_F200W	mag_aper_F150W	magerr_aper_F150W	flux_aper_F150W	fluxerr_aper_F150W	snr_F150W	nmad_F150W	mag_aper_F277W	magerr_aper_F277W	flux_aper_F277W	fluxerr_aper_F277W	snr_F277W	nmad_F277W	mag_aper_F356W	magerr_aper_F356W	flux_aper_F356W	fluxerr_aper_F356W	snr_F356W	nmad_F356W	mag_aper_F410M	magerr_aper_F410M	flux_aper_F410M	fluxerr_aper_F410M	snr_F410M	nmad_F410M	mag_aper_F444W	magerr_aper_F444W	flux_aper_F444W	fluxerr_aper_F444W	snr_F444W	nmad_F444W
8588	2678.146	2972.8025	0.355	30.3797	0.171	0.013997524179385858	0.0022044616520587495	6.349633783066062	0.0030018465279139277																																																
1233	8846.6436	692.1678	0.35	32.9562	1.8376	0.001304445040050286	0.0022072695400658254	0.5909767775852988	0.0032265735454360847																																																
4366	520.9445	1718.609	0.347	99.0	99.0	-0.000383807400328382	0.002205585038649137	-0.1740161424759455	0.002995144979113751																																																
1639	3904.2422	871.3156	0.019	32.4491	1.1504	0.0020810557261573253	0.0022044616520587495	0.9440199262317966	0.0027196475651576567																																																
9972	2966.4041	3326.166	0.346	33.0446	1.9919	0.0012024737005135483	0.002205585038649137	0.5451948936188068	0.003322134257666894																																																
7309	2851.0396	2611.0562	0.349	33.6867	3.5985	0.000665635825330638	0.002205585038649137	0.3017955842402351	0.0025975841972912363																																																
6908	2433.1606	2491.2358	0.136	32.6939	1.4436	0.001660891787285574	0.0022078306548921262	0.7522731798316862	0.0029417435084743734																																																
2584	1121.1749	1184.1283	0.019	34.4272	7.1193	0.00033653179865275785	0.002206147310413224	0.15254275952666257	0.0030058668003704646																																																
2110	1857.4269	1030.7733	0.362	30.0139	0.1221	0.01960478513143129	0.0022044616520587495	8.893230287368509	0.00247564345406588																																																
3121	2939.7502	1311.1014	0.347	32.0266	0.7808	0.003071023094104043	0.0022078306548921262	1.3909685905027405	0.0031970343091952294																																																
12421	7217.2734	3891.8994	0.349	99.0	99.0	-0.0012206110141876024	0.0022100751141973293	-0.5522939045584939	0.0034109404941819405																																																
5120	3346.3416	1987.123	0.347	33.9385	4.5399	0.0005278728799715262	0.002206708425239525	0.2392127903867629	0.0027736895203479377																																																
10710	3252.8303	3566.6514	0.348	99.0	99.0	-0.005893390177574056	0.002206708425239525	-2.6706700849861322	0.0034895397152451308																																																
369	8736.9902	298.013	0.019	99.0	99.0	-0.000862708839217291	0.002201649136300529	-0.391846650310011	0.0034884647580716954																																																
10543	3439.2368	3524.3884	0.362	30.3275	0.1631	0.014686179827235815	0.0022050227668850503	6.660330245924131	0.0032968437129140596																																																
452	4511.9512	333.166	0.358	32.4518	1.1544	0.0020758703309996353	0.002206708425239525	0.940708934291721	0.00334562872313391																																																
143	4487.5093	184.4989	0.023	99.0	99.0	-0.012691827332650918	0.0022106350720858432	-5.7412584704338165	0.015586311203729027																																																
3266	2572.0491	1351.594	0.348	31.6075	0.5301	0.004517658101952286	0.0022050227668850503	2.0488033818962355	0.0029550240216132608																																																
1186	9303.4355	681.9092	0.346	31.1663	0.353	0.006782510749512211	0.0022044616520587495	3.076719771096048	0.0030239708291958595																																																
6254	4006.4133	2295.5713	0.02	99.0	99.0	-0.006813481974048438	0.002205585038649137	-3.089194864244054	0.0030124214412912825																																																
6262	7056.8394	2288.8899	0.361							30.8934	0.193	0.014960368487148596	0.0026589585630153838	5.6264015149535975	0.004840692130940917																																										
3443	3502.1328	1391.4301	0.348							32.0119	0.5406	0.005339905899668996	0.0026582797868998243	2.0087824938459824	0.004111188453450232																																										
2619	2927.2229	1133.772	0.356							31.2414	0.266	0.01085770274447696	0.0026589585630153838	4.083441876643544	0.002996973466978659																																										
12751	9541.0303	3915.2021	0.33							34.1465	3.8601	0.0007476935247956844	0.0026576029955097495	0.28134131623834613	0.006523246046685051																																										
845	162.9451	531.0209	0.356							31.7099	0.4094	0.0070525533060468324	0.0026589585630153838	2.652374280721737	0.003105452477427784																																										
2203	6701.4692	1066.2697	0.347							33.6111	2.3604	0.0012242904186313213	0.002660988937185607	0.4600885037598808	0.004255306256737415																																										
3338	9049.6963	1359.1726	0.348							30.6841	0.159	0.01814154008063574	0.0026562474280041166	6.829762878779388	0.005550260229393001																																										
5326	1401.3042	2052.0232	0.347							99.0	99.0	-0.002595248874976102	0.0026555686518885584	-0.9772855516766404	0.003062580498709998																																										
206	2655.2874	257.3148	0.355							31.2334	0.2645	0.010937808249740305	0.0026636941180204214	4.10625536008202	0.0037148158337145204																																										
8421	6873.5879	3128.9131	0.639							26.3953	0.0031	0.9422928814224594	0.0026569262041196756	354.6552704254242	0.004186906160957843																																										
10198	319.335	3415.2866	0.351							30.7727	0.1729	0.01671929175291347	0.0026623425199657556	6.279917639270743	0.0024842970826769624																																										
3768	6257.7202	1505.4442	0.001							28.6794	0.0251	0.11495805880690206	0.0026582797868998243	43.24528192006833	0.003881507914733797																																										
6345	3351.2578	2319.1458	0.319							99.0	99.0	-0.011883643072261672	0.002660988937185607	-4.465874662684768	0.0036559581102536703																																										
8370	8891.0332	2907.2878	0.379							31.1063	0.2348	0.012296479866030732	0.0026582797868998243	4.6257282347135105	0.005951070753358014																																										
6601	3675.8147	2408.6226	0.348							99.0	99.0	-0.00607931140931567	0.0026589585630153838	-2.286350563666342	0.0033292611437193685																																										
2259	3577.1375	1081.5448	0.347							34.8589	7.4493	0.0003879358324280243	0.002660988937185607	0.14578633793131224	0.003993104725126061																																										
2326	3182.1167	1107.5409	0.347							31.2297	0.2635	0.010975371164252188	0.0026630193113558304	4.121401267144498	0.003919141052059024																																										
3250	2301.6006	1344.6044	0.347							32.6919	1.009	0.0028545056260608106	0.002652176756036248	1.0762878528228068	0.0027128389320391437																																										
12817	6013.0381	4513.3726	0.354							30.336	0.1155	0.02499807395897193	0.002659635354405458	9.399060633467952	0.004745225386508702																																										
9430	2526.1152	3176.1699	0.347							99.0	99.0	-0.006690926399218257	0.0026589585630153838	-2.516371068088565	0.0029564466485358445																																										
2421	4454.1494	1098.8134	0.001													27.126	0.0104	0.06271294172110528	0.0006003980400753745	104.45227588223347	0.0026167552941468546																																				
11496	6776.9902	4123.6904	0.001													27.2741	0.0119	0.05472019729899476	0.0005996337094221082	91.25603921055551	0.0018240035003144015																																				
7087	2172.7219	2488.6208	0.0													28.1404	0.0265	0.024638920993718498	0.0006000925149497464	41.058537441983994	0.0018092221048648435	27.8231	0.0201	0.032975912185040375	0.0006093055996861014	54.120481088683114	0.0022984839985480906																														
12533	2266.4578	4074.2534	0.047													35.5839	25.1296	2.595337552763809e-05	0.0006005508026381886	0.04321595344411539	0.002862115116749541																																				
2783	2397.5933	1310.5878	0.001													26.0128	0.0037	0.17484353683417014	0.0005990216234924598	291.88184529096714	0.002487138236125151																																				
5341	7942.353	2053.0989	0.347													29.7422	0.1157	0.0056352219309044995	0.0006003980400753745	9.38581000397178	0.0014742513255483816																																				
2296	2223.3914	1096.62	0.411													30.2306	0.1813	0.0035935088517587794	0.0005997867309045202	5.991311022068657	0.001862274057978667																																				
585	1525.4707	385.0071	0.021													99.0	99.0	-6.643247709798969e-05	0.0005997867309045202	-0.11076016469688296	0.0018544474679097146																																				
11899	9522.8633	4186.5361	0.346													99.0	99.0	-0.001240441590075372	0.0006003980400753745	-2.0660320442079487	0.0016208774985025788																																				
10442	3846.425	3471.0093	0.361													99.0	99.0	-0.0009001029120602978	0.0006000925149497464	-1.4999402419403203	0.0014136018832037126							32.3176	1.4915	0.000522165849581046	0.0007171188154866549	0.7281441210361927	0.0018035020229936283																								
4962	6493.6699	1928.8318	0.347													99.0	99.0	-0.0017673872472361738	0.0006000925149497464	-2.945191288353564	0.0016286855691875072																																				
4061	6155.355	1569.1484	0.099													29.9401	0.1388	0.004696164565326615	0.0006002452775125604	7.823742628659574	0.0021636091488671633																																				
278	1001.4959	257.0641	0.349													30.9461	0.351	0.0018591799409547667	0.0006008563277638167	3.0942171282010182	0.0014997851213012358																																				
11164	7274.9072	3771.3877	0.028													26.7903	0.0076	0.08544061922110519	0.0005996337094221082	142.48801873304927	0.0024824059126253317																																				
235	3617.272	476.614	0.023													24.1306	0.0007	0.9898012051507498	0.0006000925149497464	1649.4143494418338	0.0034432058847841513																																				
1141	4153.084	656.357	0.0													28.4393	0.0348	0.018709038203517513	0.0005997867309045202	31.192817779251264	0.001748480723613155																																				
8878	8011.4517	3038.467	0.019													31.3358	0.502	0.0012985884587939649	0.0006002452775125604	2.1634296968988505	0.002073288844642255																																				
1961	3224.6025	996.2084	0.019													30.7946	0.3041	0.002137625183668333	0.0005985620412060279	3.571267532036085	0.0018361025161912916																																				
10406	8587.2646	3482.1523	0.0													28.5721	0.0394	0.01655538123618084	0.0006003980400753745	27.57400945896236	0.0015125718677621678																																				
10164	4455.3955	3399.5669	0.0													28.8323	0.05	0.013027182263819045	0.0005999394934673344	21.714160187269535	0.0014486610631436268																																				
3897	2879.426	1506.6912	0.0																									28.6523	0.051	0.015272907646557626	0.0007165707512215743	21.313886480185143	0.00217482558866562																								
9768	3532.1414	3271.3723	0.019																									99.0	99.0	-0.00205028552607461	0.0007171188154866549	-2.8590597287330057	0.0021879864957005724																								
1261	4493.4497	712.3695	0.347																									30.6715	0.3276	0.002378197185258364	0.0007174840202057607	3.3146343587921896	0.0031148208083195826																								
678	1323.8491	440.2887	0.007																									29.1305	0.0792	0.00983189742336823	0.000716936213127102	13.713768733321306	0.001957424734833622																								
3479	329.4089	1400.2933	0.359																									99.0	99.0	-0.0011008070083618866	0.0007163878916755996	-1.5366075015410263	0.0021742293147139356																								
127	4268.4814	183.0456	0.395																									31.2684	0.5673	0.0013724984872763766	0.000716936213127102	1.9143941429459546	0.002504260752111368																								
5751	885.3856	2147.3225	0.0																									28.6962	0.0531	0.014668444971017476	0.0007173016750326296	20.449478206432765	0.0016850754906636073																								
7180	3302.8853	2563.4573	0.347																									31.7727	0.9043	0.0008625214737886951	0.0007182139152711283	1.200925595354262	0.0017627114144724283																								
4293	2895.4387	1688.788	0.348																									30.9705	0.4313	0.0018056770633188728	0.0007171188154866549	2.5179607957901577	0.001957825469549185																								
7439	9678.1855	2645.5767	0.081																									30.9929	0.4403	0.001768865456378703	0.0007171188154866549	2.4666281488909285	0.002097402511465538																								
2459	10341.4766	1152.2527	0.084																									29.6239	0.1248	0.006241793582026844	0.0007174840202057607	8.699557629502072	0.0018198308262961048																								
934	174.2148	573.8564	0.378																									99.0	99.0	-0.00028150931338430824	0.000716936213127102	-0.3926560107159783	0.002423627888244738																								
11953	1590.707	4330.2568	0.008																									27.2459	0.014	0.055783194819804933	0.0007176666225653136	77.72856235170418	0.05316627220476808																								
159	1080.0183	187.9219	0.254																									99.0	99.0	-0.00119193818791344	0.0007171188154866549	-1.662120923580231	0.0017167279214793025																								
4394	6619.4619	1729.3844	0.001																									29.109	0.0776	0.010029185127611898	0.0007167536107675492	13.992514271217908	0.002034670887344006																								
2153	964.4047	1064.2451	0.019																									32.6623	2.0488	0.0003801241034404661	0.0007171188154866549	0.5300713009217368	0.0016347174301388889																								
10298	3274.011	3420.9822	0.019																									99.0	99.0	-0.0031323660194982955	0.0007167536107675492	-4.370213100348308	0.0017626394205350316																								
4042	3053.0066	1579.8309	0.019																									99.0	99.0	-0.0008307808115292346	0.0007171188154866549	-1.1584981366936327	0.00236807505816607																								
12595	2019.3722	3995.8701	0.0																									28.839	0.0605	0.012860277828761715	0.000716936213127102	17.93782709436353	0.001963180211812885																								
5807	4477.915	2184.9297	0.019																			99.0	99.0	-0.0007103013859793326	0.0006102362492348349	-1.1639777002267035	0.0026975597098404976																														
3439	6919.106	1384.7081	0.006																			29.2499	0.0748	0.008861532714492837	0.0006107009271857733	14.510429442654484	0.001937172003566866																														
4299	4487.1021	1691.1312	0.019																			99.0	99.0	-0.0011131965741457445	0.0006103912281282715	-1.8237427453852764	0.0018630504507424431																														
3097	1386.7979	1311.8185	0.347																			32.0965	1.0265	0.0006439577418492846	0.0006086846491948698	1.0579496997354407	0.0016449200814322403																														
12732	4043.5764	4520.2544	0.019																			31.0364	0.3872	0.0017095558735484087	0.0006094608373089094	2.8050299033109303	0.0018768228985075247																														
11027	6921.7686	3743.6035	0.028																			25.9062	0.0034	0.19274148010208103	0.0006089951244404857	316.4910068519223	0.0018744388955115817																														
10329	3544.2258	3435.4517	0.003																			29.8445	0.1292	0.0051244586112321605	0.0006094608373089094	8.408183590367093	0.0024810843988705865																														
10578	7593.9438	3518.0127	0.416																			29.4171	0.0871	0.007596806626889313	0.0006093055996861014	12.467974413501192	0.0017688579649314774																														
425	9711.3662	315.8284	0.347																			99.0	99.0	-0.001712312117541363	0.0006094608373089094	-2.8095523333412578	0.001651655471577874																														
6152	624.4008	2209.7163	0.002																			27.1004	0.0103	0.06416542742561865	0.0006083739152198827	105.47037902245947	0.0015376667023976125																														
635	3519.7654	487.7783	0.0																			27.7192	0.0182	0.03628948511681249	0.0006094608373089094	59.543588193541154	0.003565722737949749																														
2866	4034.4072	1251.9562	0.359																			30.8841	0.3365	0.0019671054389615956	0.0006094608373089094	3.227615818019419	0.0014040385222440243																														
2071	2989.9763	1045.3831	0.031																			24.1282	0.0007	0.991216283460082	0.0006093055996861014	1626.7966090755297	0.0030771990562892424																														
8664	3723.8547	2983.176	0.349																			30.7708	0.3031	0.0021833817188694716	0.0006094608373089094	3.5824807521845896	0.0018882194854659838																														
5396	565.5833	2068.6379	0.423																			30.7937	0.3095	0.0021378844176475555	0.0006093055996861014	3.508722747253494	0.0016005870407554187							30.4107	0.1821	0.00353224633870818	0.0005924215754014088	5.96238639066247	0.0014405901183507713																		
5539	3138.188	2105.3828	0.0																			29.0403	0.0615	0.010748215750582563	0.0006089951244404857	17.649099835499484	0.001779967674805713																														
8469	1113.8367	2946.3547	0.347																			32.2066	1.1378	0.0005818743355478286	0.0006096160749317173	0.9544930973367196	0.0018011327610208791																														
4619	9587.8447	1803.5051	0.0																			28.1269	0.0266	0.024928944912238953	0.0006094608373089094	40.9032761191242	0.0015434774524343713																														
3139	2265.6628	1320.0485	0.057																			37.652	171.4851	3.860645838309491e-06	0.0006096160749317173	0.0063329134467819265	0.0015873399748291004																														
10793	3219.2568	3594.1104	0.081																															28.6437	0.0358	0.0179827677653909	0.000592723193841227	30.339234152203517	0.0024032369694493554																		
1143	4455.1455	623.8011	0.0																															28.4207	0.0291	0.022083297492228628	0.0005918174372714543	37.31437450380408	0.0022330449535990092																		
4041	2017.1571	1565.1272	0.0																															27.9808	0.0194	0.03311427994082726	0.000592270465764727	55.91073986454956	0.0033255949664654817																		
3112	10236.9385	1311.9509	0.342																															32.2413	0.984	0.0006543473860139996	0.0005928740030611362	1.1036870947882065	0.001271104533290819																		
1451	4116.6294	767.9125	0.0																															28.2589	0.0251	0.025631477936562265	0.0005924215754014088	43.265605104262235	0.001773106614678148																		
5623	2497.4294	2133.7837	0.371																															31.7892	0.6484	0.0009922949257413177	0.0005924215754014088	1.674981072505615	0.0020883518766813347																		
4646	4484.4536	1820.5226	0.748																															29.512	0.0796	0.00808222959922318	0.000592723193841227	13.63575726950238	0.0015823002867942262																		
6020	2542.833	2232.6689	0.485																															30.2876	0.1626	0.003956359717605907	0.0005924215754014088	6.678284319616796	0.002449746461811427																		
337	6069.4248	286.4078	0.305																															30.1154	0.1388	0.004636323040996816	0.0005924215754014088	7.826053664327415	0.001601214009947448																		
10444	3857.019	3468.5886	0.357																															99.0	99.0	-0.0013330747948019084	0.0005921196565448179	-2.2513604810567664	0.0014302745507862166																		
8843	3533.592	3062.8101	0.231																															30.1141	0.1384	0.00464174856791227	0.0005913644087781815	7.849218686499229	0.0016351926817547687																		
10908	7876.6758	3653.1655	0.009																															27.3657	0.011	0.058349499141659066	0.0005924215754014088	98.49320410405888	0.001336325515379598																		
8656	9359.0586	3038.2346	0.001																															26.7689	0.0064	0.10110694719529087	0.0005924215754014088	170.66722650467878	0.0025850030030181432																		
3932	1465.3718	1536.15	0.182																															29.8416	0.1079	0.0059662470646863605	0.000592572384621318	10.068385263176037	0.0016879274582257719																		
4895	1687.5231	1908.8407	0.019																															99.0	99.0	-0.003076814511253635	0.000592270465764727	-5.194948404663261	0.00169853074669178																		
12361	3289.7791	4208.335	0.024																															26.3343	0.0043	0.15087849601688177	0.000592270465764727	254.745939124401	0.00125538086717219																		
5095	3540.5022	1954.2317	0.009																															29.0978	0.0543	0.01183599124946954	0.000592270465764727	19.984098369968795	0.0028690144269534197																		
5755	4466.4751	2171.9875	0.504																															30.6947	0.2367	0.002719235336262135	0.000592572384621318	4.588866114643287	0.0025239655274450845																		
8320	6557.4116	2892.0505	0.003																															28.9692	0.0483	0.013324592408345904	0.000592723193841227	22.48029526564329	0.0016887735901664573																		
9874	6966.5713	3300.802	0.349																																					31.7039	0.642	0.0011658787202645223	0.0006891914020983406	1.6916617310007636	0.0016055498746695507												
10240	9555.6709	3483.405	0.025																																					26.1642	0.0039	0.19165955306959992	0.0006891914020983406	278.0933605469617	0.0015363579368357944												
2918	2361.7734	1263.8096	0.393																																					32.642	1.5244	0.0004913627324429089	0.0006897183674589089	0.7124106818457067	0.002227036617067614												
3409	7301.7314	1342.0483	0.0																																					27.8686	0.0188	0.03988292465988408	0.0006897183674589089	57.82494209458641	0.0020750476775236552												
6826	8189.1489	2466.5708	0.622																																					29.7069	0.1021	0.007336284495037269	0.0006898942401086588	10.633926286849126	0.0014989738991284818												
10408	8013.9233	3488.4385	0.0																																					28.2205	0.026	0.028840151806384533	0.0006895428211034996	41.8250338104175	0.0012411278003882763												
1042	7984.3042	584.8058	0.015																																					26.5629	0.0056	0.13275921533851132	0.0006886634578547497	192.77807443430865	0.0015849319009383852												
10758	4354.2554	3578.6951	0.061																																					28.736	0.0418	0.0179404133401659	0.0006902453328194771	25.991357691451334	0.0013570715788919284												
1134	729.0188	643.2637	0.106																																					28.0821	0.0229	0.03276275795860453	0.0006893669484537497	47.52586127329053	0.0016335321266973393												
7480	7000.915	2599.8215	0.027																																					25.9389	0.0032	0.2358632347623681	0.0006891914020983406	342.23183000288327	0.001903681470545451												
996	6003.0991	582.6033	0.036																																					26.9889	0.0083	0.0896694372667386	0.0006886634578547497	130.20792121897563	0.0012421191858214384												
3941	3897.7185	1528.4066	0.009																																					28.804	0.0444	0.016851419029155452	0.0006890155294485907	24.45724125063103	0.002206053650305542												
6114	2577.1882	2250.7747	0.358																																					31.0744	0.3598	0.0020818831920269083	0.0006897183674589089	3.0184540389972145	0.00202933263364335												
2477	6502.4321	1150.9669	0.009																																					29.19	0.0635	0.011809512347541358	0.0006902453328194771	17.1091520449729	0.0015100330425412585												
5891	4477.8975	2200.0393	0.436																																					31.4187	0.4939	0.0015161122980830906	0.0006895428211034996	2.1987210245431936	0.0019140037864009156												
11606	8300.7744	4236.7402	0.362																																					30.2864	0.1741	0.004301796068733862	0.0006897183674589089	6.237032782790359	0.001271918084123584												
10966	2724.0295	3649.0701	0.474																																					30.7045	0.2559	0.0029269176657585444	0.0006897183674589089	4.243641758507932	0.0013863135055154317												
497	4511.6235	344.9842	0.624																																					30.3781	0.1895	0.003953617166379999	0.0006897183674589089	5.73221963182754	0.002200777459851367												
6563	7393.5215	2393.9265	0.745																																					28.7578	0.0427	0.0175839302468359	0.0006907716455913633	25.455489319893054	0.0013870435271583987												
1701	9206.4111	878.1944	0.365																																					30.1658	0.1555	0.004807333679934543	0.0006884875852049997	6.982455142605283	0.0013580727919498198												
11943	6163.1406	4323.1099	0.013																																											25.287	0.0039	0.4505893958261816	0.0016299080082020905	276.4508141310473	0.003797008643192656						
5983	7505.5527	2206.553	0.008																																											27.8983	0.0435	0.040669679013249985	0.0016278363343912724	24.983886987912925	0.0032134933621913663						
12313	643.342	3971.7632	0.348																																											32.4081	2.7675	0.0006387871800179544	0.0016278363343912724	0.39241486783548674	0.003809165329503221						
7054	8964.3965	2536.8235	0.348																																											29.8029	0.2511	0.007037532018958633	0.0016270067073419084	4.3254474534134335	0.0036249495318126873						
6464	388.9036	2306.761	0.009																																											25.9428	0.0072	0.24630563558869534	0.00162742152086659	151.34716631837298	0.0030704491734756902						
4162	2611.3789	1614.3041	0.356																																											29.394	0.1721	0.010256649117638633	0.0016257615828214086	6.30882733730173	0.003158799811350683						
3861	9916.9893	1507.6177	0.343																																											29.4907	0.1883	0.009382692078823631	0.0016270067073419084	5.766842900206864	0.002929605705501638						
2448	1281.8485	1134.2129	0.077																																											28.6414	0.0862	0.02051430705629772	0.0016282508059427268	12.598984739590115	0.0021919919923333404						
11636	286.5518	4384.5596	0.476																																											28.4578	0.0728	0.024293894336351807	0.0016290794070724084	14.912652035796071	0.0025475249459807						
135	3183.4167	186.6554	0.999																																											25.9184	0.007	0.2519058233558363	0.00162742152086659	154.7883078390768	0.0033471227858994203						
7452	8287.5293	2646.4768	0.331																																											99.0	99.0	-0.01079212447583136	0.0016303221377803173	-6.619627020783041	0.004002601256304228						
10018	1953.1323	3330.6074	0.351																																											99.0	99.0	-0.0007848466811719543	0.00162742152086659	-0.4822639194017965	0.0031350330547026527						
5130	1124.9723	1992.9113	0.36																																											29.3737	0.1691	0.010449631449253179	0.00162742152086659	6.420974108594082	0.0027932946526173404						
12909	9953.6484	3872.9058	0.354																																											29.54	0.1973	0.00896623024318636	0.0016286652774941813	5.50526272469046	0.0035603987293220665						
9245	2583.106	3172.406	0.015																																											25.5966	0.0052	0.33881000911777714	0.0016253464273234995	208.4540276596322	0.002943839518153263						
11793	3585.645	4360.604	0.092																																											28.368	0.067	0.026387505729699536	0.0016278363343912724	16.210171239092727	0.00268256485415687						
7036	2813.6465	2532.1772	0.347																																											30.4577	0.4592	0.0038506219588231804	0.0016282508059427268	2.3648825750734037	0.0031084314838854534						
11844	6109.7627	4340.3452	0.357																																											29.0848	0.1296	0.013636332905719997	0.0016278363343912724	8.376968014305497	0.003656496214111573						
983	6221.6147	565.7407	0.927																																											25.5471	0.005	0.3546183712975908	0.0016270067073419084	217.95753496120608	0.0031306701644182077						
7212	4470.9492	2582.4629	0.446																																											31.6184	1.3382	0.0013220298536616814	0.0016290794070724084	0.8115195907101173	0.0023546848218751865						
7319	1895.2969	2616.4758	0.48																																																	29.8225	0.212	0.007059654867525906	0.001378344521624795	5.121836200432655	0.0031600790490456205
10677	191.6094	3556.6467	0.382																																																	31.5408	1.0303	0.0014502210864069086	0.0013758947200057494	1.0540203878395933	0.003419701785247589
4662	8514.1797	1815.1338	0.464																																																	28.7031	0.0755	0.019793887143141356	0.001375194078139795	14.393522672753406	0.0022546213116610087
2140	4486.373	1055.8075	0.49																																																	29.6833	0.1861	0.008025129579164087	0.001375544399072772	5.834147981390984	0.00252348020670437
12800	4413.0093	4527.7856	0.71																																																	28.4615	0.0603	0.024726252199291355	0.0013737913973154313	17.998549304945204	0.003579348050262487
9564	1119.1891	3239.9475	0.077																																																	28.6932	0.0748	0.019976078477407493	0.001375544399072772	14.522307306745594	0.003207957625548191
2749	2236.0098	1221.9877	0.373																																																	28.885	0.0891	0.01674007006502886	0.0013734403778362268	12.188421379748453	0.002824270960319733
11594	1889.4503	4390.8809	0.359																																																	29.0825	0.1071	0.013956890751748632	0.0013758947200057494	10.143865332727136	0.003086852580158292
7979	8298.8809	2797.3142	0.347																																																	29.821	0.2117	0.0070691481107545435	0.001378344521624795	5.128723624498045	0.002103767575320918
11046	8023.1099	3723.7122	0.006																																																	27.4568	0.024	0.06238237851607043	0.001378694144011545	45.24743851784145	0.002334143153510302
4972	2909.8167	1937.16	0.354																																																	29.6983	0.1888	0.007914808173490906	0.0013758947200057494	5.752480955416293	0.0034324947695965366
4173	2300.0476	1627.08	0.549																																																	29.0022	0.0994	0.015028086942153403	0.0013758947200057494	10.922410503974175	0.0027756042766289173
11928	4394.0176	4311.5957	0.358																																																	30.0076	0.2508	0.005952909659615225	0.0013744927377276129	4.330986622349786	0.0025921617837410733
10218	3457.1399	3447.501	0.124																																																	28.6231	0.0702	0.02130721070444272	0.0013772949559183174	15.470332344487565	0.0026280960078323445
11357	6035.3252	4499.3877	0.578																																																	99.0	99.0	-0.003688998177109316	0.0013758947200057494	-2.681163117693991	0.002269941198909827
2165	4498.1025	1069.4211	0.624																																																	30.0249	0.2547	0.005858808497339316	0.0013741420675215223	4.263611918894662	0.002495630222909519
10813	4018.4229	3592.4426	0.356																																																	29.4863	0.1554	0.009621447417727724	0.0013765950125985903	6.9893086417372485	0.002577606579767251
4198	671.7464	1636.4485	0.357																																																	29.504	0.1579	0.009465909114763178	0.001376244691665613	6.878071299448191	0.0028397081781921644
5581	1844.8546	2107.1008	0.076																																																	28.5782	0.0674	0.02220632352448999	0.0013772949559183174	16.12314299785105	0.0035312491703256453
6511	6012.7739	2377.8235	0.357																																																	99.0	99.0	-0.001283282858286386	0.001374843407933704	-0.9334029249302455	0.0023206784300743577
