ID_mine	X_IMAGE_mine	Y_IMAGE_mine	MAG_AUTO_mine	MAGERR_AUTO_mine	MAG_APER_mine	MAGERR_APER_mine	CLASS_STAR_mine	FLUX_AUTO_mine	FLUXERR_AUTO_mine	FLUX_APER_mine	FLUXERR_APER_mine	RA_mine	DEC_mine	ID_romeo	X_IMAGE_romeo	Y_IMAGE_romeo	MAG_AUTO_romeo	MAGERR_AUTO_romeo	MAG_APER_romeo	MAGERR_APER_romeo	CLASS_STAR_romeo	FLUX_AUTO_romeo	FLUXERR_AUTO_romeo	FLUX_APER_romeo	FLUXERR_APER_romeo	RA_romeo	DEC_romeo	DELTA_FLUX	DELTA_MAG
3.0	420.0562	312.7012	16.3121	0.0	17.9369	0.0	0.029	51257.18	0.70382	11477.54	0.02405809	214.9204363	52.851834	3.0	420.0562	312.7012	16.3115	0.0	17.9369	0.0	0.029	51288.99	0.7036528	11477.54	0.02405809	214.9204363	52.851834	31.80999999999767	0.0006000000000021544
4.0	345.5265	336.9449	16.8437	0.0	18.7199	0.0	0.078	31413.39	0.2512107	5580.146	0.02402751	214.9208477	52.852438	4.0	345.5265	336.9449	16.8406	0.0	18.7199	0.0	0.091	31503.71	0.2509032	5580.146	0.02402751	214.9208477	52.852438	90.31999999999971	0.0030999999999998806
5.0	358.29	337.6096	17.4025	0.0	18.7778	0.0	0.699	18775.66	0.1547014	5290.238	0.02400302	214.9207266	52.8523606	5.0	358.29	337.6096	17.4128	0.0	18.7778	0.0	0.549	18598.9	0.1544397	5290.238	0.02400302	214.9207266	52.8523606	176.7599999999984	0.010300000000000864
18.0	975.5986	135.3605	24.8293	0.0054	26.3674	0.0054	0.025	20.0862	0.0994073	4.871119	0.02403363	214.9173347	52.8473498	22.0	975.5986	135.3605	24.8899	0.0055	26.3589	0.0053	0.026	18.99554	0.09594466	4.909609	0.02403363	214.9173347	52.8473498	1.0906600000000033	0.060600000000000875
56.0	713.1939	165.6097	27.1698	0.0221	29.1106	0.0669	0.461	2.326468	0.0472776	0.3893843	0.0239785	214.9193622	52.849179	57.0	713.1939	165.6097	27.8396	0.0328	29.055	0.0635	0.461	1.255405	0.03786482	0.4098446	0.0239785	214.9193622	52.849179	1.071063	0.6698000000000022
265.0	1538.0481	784.0502	19.2565	0.0001	21.8589	0.0001	0.029	3404.05	0.3624774	309.7699	0.02403975	214.9054885	52.8472801	259.0	1538.0481	784.0502	19.2557	0.0001	21.8589	0.0001	0.029	3406.747	0.3624165	309.7699	0.02403975	214.9054885	52.8472801	2.6969999999996617	0.0007999999999981355
379.0	348.3328	326.8137	18.1651	0.0	18.9233	0.0	0.998	9301.459	0.06541542	4626.966	0.02402751	214.9209291	52.8523655	372.0	348.3328	326.8137	18.1558	0.0	18.9026	0.0	0.998	9381.728	0.06416713	4715.888	0.02402751	214.9209291	52.8523655	80.26899999999841	0.009299999999999642
420.0	356.639	327.1844	18.3843	0.0	18.98	0.0	1.0	7601.174	0.05700721	4391.381	0.02403363	214.920851	52.8523148	404.0	356.639	327.1844	18.4147	0.0	19.0154	0.0	0.999	7391.485	0.05668385	4250.41	0.02403363	214.920851	52.8523148	209.6890000000003	0.030400000000000205
788.0	6043.1177	707.1747	22.7606	0.0009	24.1648	0.0007	0.029	135.0104	0.1107099	37.04182	0.02402139	214.8660643	52.8182536	781.0	6043.1177	707.1747	22.7849	0.0009	24.1765	0.0007	0.029	132.0192	0.1106435	36.64319	0.02402139	214.8660643	52.8182536	2.991199999999992	0.02430000000000021
1171.0	6036.6299	707.2898	22.0414	0.0002	22.5836	0.0002	0.205	261.8539	0.05583436	158.9164	0.02401527	214.8661209	52.8182954	1166.0	6036.6299	707.2898	22.0339	0.0002	22.5843	0.0002	0.204	263.6679	0.05622803	158.8162	0.02401527	214.8661209	52.8182954	1.8139999999999645	0.007500000000000284
1325.0	3419.9727	773.41	24.6586	0.0037	25.4849	0.0024	0.029	23.50607	0.0801172	10.98072	0.02402751	214.8887875	52.8352722	1315.0	3419.9727	773.41	24.7147	0.0037	25.4875	0.0024	0.029	22.32101	0.07597198	10.95465	0.02402751	214.8887875	52.8352722	1.18506	0.056100000000000705
1781.0	842.574	1053.1035	18.5485	0.0	19.3792	0.0	0.314	6534.526	0.08811516	3040.274	0.02401527	214.9088752	52.8531481	1772.0	842.574	1053.1035	18.5473	0.0	19.3724	0.0	0.426	6541.353	0.08807342	3059.521	0.02401527	214.9088752	52.8531481	6.8270000000002256	0.001200000000000756
1908.0	837.8804	1050.9783	18.7586	0.0	19.2733	0.0	0.998	5384.893	0.07002959	3351.956	0.02401527	214.9089395	52.8531664	1898.0	837.8804	1050.9783	18.7612	0.0	19.2771	0.0	0.998	5372.146	0.0703961	3340.102	0.02401527	214.9089395	52.8531664	12.747000000000298	0.002599999999997493
2082.0	7100.0444	1402.2134	20.8809	0.0003	22.7333	0.0002	0.029	762.4991	0.216738	138.4541	0.02403363	214.8493269	52.815287	2084.0	7100.0444	1402.2134	20.8842	0.0003	22.7333	0.0002	0.029	760.2263	0.2160415	138.4541	0.02403363	214.8493269	52.815287	2.272799999999961	0.0032999999999994145
2479.0	10296.9814	1299.7568	24.6304	0.0062	27.9582	0.0232	0.0	24.12375	0.1367388	1.125494	0.02403363	214.8218956	52.7944189	2476.0	10296.9814	1299.7568	24.8282	0.0066	27.9582	0.0232	0.0	20.1054	0.1212645	1.125494	0.02403363	214.8218956	52.7944189	4.018350000000002	0.1977999999999973
2666.0	10294.4199	1318.2803	24.9524	0.0073	28.4366	0.036	0.0	17.93236	0.1202599	0.7243743	0.02402139	214.8217237	52.794535	2650.0	10294.4199	1318.2803	24.8928	0.0071	28.4366	0.036	0.0	18.94502	0.123547	0.7243743	0.02402139	214.8217237	52.794535	1.0126600000000003	0.05959999999999965
3477.0	8669.1406	1980.796	20.4394	0.0002	22.4877	0.0002	0.029	1145.118	0.1870188	173.5976	0.02401527	214.8292489	52.8084355	3365.0	8669.1406	1980.796	20.4369	0.0002	22.4877	0.0002	0.029	1147.758	0.1870777	173.5976	0.02401527	214.8292489	52.8084355	2.6400000000001	0.0024999999999977263
4725.0	8674.0166	1991.8247	22.3406	0.0004	23.0032	0.0002	0.033	198.7831	0.06751721	107.9772	0.02403363	214.8290894	52.8084639	4707.0	8674.0166	1991.8247	22.3546	0.0004	23.0101	0.0002	0.036	196.2338	0.06751721	107.2966	0.02403363	214.8290894	52.8084639	2.549299999999988	0.014000000000002899
5582.0	7473.1167	2333.9783	25.3132	0.0075	27.9986	0.0241	0.0	12.86302	0.08923452	1.084305	0.02401527	214.8362024	52.81794	5540.0	7473.1167	2333.9783	25.1502	0.007	27.9986	0.0241	0.0	14.94626	0.09594466	1.084305	0.02401527	214.8362024	52.81794	2.08324	0.1629999999999967
5786.0	7473.6226	2371.6458	25.6032	0.0085	27.9703	0.0235	0.0	9.847207	0.07731503	1.112985	0.02403975	214.8358018	52.8181399	5848.0	7473.6226	2371.6458	25.8917	0.0096	28.0276	0.0247	0.0	7.549612	0.06680562	1.055719	0.02403975	214.8358018	52.8181399	2.2975949999999994	0.2884999999999991
5868.0	7473.2949	2379.2512	25.3609	0.0073	27.8925	0.0218	0.0	12.30985	0.08300198	1.195637	0.02405198	214.8357247	52.818183	5772.0	7473.2949	2379.2512	25.1606	0.0073	27.8898	0.0218	0.0	14.80307	0.09885102	1.198614	0.02405198	214.8357247	52.818183	2.493219999999999	0.20030000000000214
7230.0	7470.0342	3000.3821	24.7082	0.0057	27.8208	0.0204	0.0	22.45482	0.1172258	1.277311	0.02402751	214.8292221	52.8215519	7395.0	7470.0342	3000.3821	24.6479	0.0056	27.8208	0.0204	0.0	23.7388	0.1229505	1.277311	0.02402751	214.8292221	52.8215519	1.2839799999999997	0.060300000000001575
8232.0	10337.709	3970.9136	17.3244	0.0	19.3158	0.0	0.029	20176.9	0.5303848	3223.167	0.02408253	214.7934466	52.8085532	8214.0	10337.709	3970.9136	17.3241	0.0	19.3158	0.0	0.029	20182.68	0.5304334	3223.167	0.02408253	214.7934466	52.8085532	5.779999999998836	0.0002999999999993008
9362.0	1071.0582	3912.7368	19.5839	0.0001	20.6866	0.0	0.029	2517.993	0.2417699	911.9537	0.02404586	214.8767551	52.8671274	9346.0	1071.0582	3912.7368	19.5844	0.0001	20.6866	0.0	0.029	2516.898	0.2414504	911.9537	0.02404586	214.8767551	52.8671274	1.0949999999998	0.0004999999999988347
10678.0	146.3614	4535.9707	23.4844	0.0034	26.0122	0.0039	0.001	69.31664	0.2174154	6.756725	0.02403975	214.8784612	52.8763628	10791.0	146.3614	4535.9707	23.4598	0.0034	26.0122	0.0039	0.001	70.90521	0.2219836	6.756725	0.02403975	214.8784612	52.8763628	1.58856999999999	0.02459999999999951
11091.0	1263.4789	4517.9854	23.7422	0.002	24.6963	0.0011	0.029	54.66814	0.1005472	22.70313	0.02403363	214.8686669	52.8691699	11078.0	1263.4789	4517.9854	23.7066	0.0019	24.623	0.0011	0.029	56.49169	0.1002909	24.28802	0.02403363	214.8686669	52.8691699	1.8235499999999973	0.035599999999998744
11240.0	7968.7417	4184.1104	21.2396	0.0002	22.1384	0.0001	0.029	547.9813	0.09944427	239.463	0.02405809	214.8123234	52.824762	11323.0	7968.7417	4184.1104	21.2351	0.0002	22.1384	0.0001	0.029	550.2729	0.09973958	239.463	0.02405809	214.8123234	52.824762	2.2916000000000167	0.0045000000000001705
