NUMBER	REDSHIFT	REDSHIFT_BIN	POINTING	SEX_FLUX_F606W	SEX_FLUXERR_F606W	EAZY_FLUX_F606W	EAZY_FLUXERR_F606W	SEX_FLUX_F814W	SEX_FLUXERR_F814W	EAZY_FLUX_F814W	EAZY_FLUXERR_F814W	SEX_FLUX_F115W	SEX_FLUXERR_F115W	EAZY_FLUX_F115W	EAZY_FLUXERR_F115W	SEX_FLUX_F150W	SEX_FLUXERR_F150W	EAZY_FLUX_F150W	EAZY_FLUXERR_F150W	SEX_FLUX_F200W	SEX_FLUXERR_F200W	EAZY_FLUX_F200W	EAZY_FLUXERR_F200W	SEX_FLUX_F277W	SEX_FLUXERR_F277W	EAZY_FLUX_F277W	EAZY_FLUXERR_F277W	SEX_FLUX_F356W	SEX_FLUXERR_F356W	EAZY_FLUX_F356W	EAZY_FLUXERR_F356W	SEX_FLUX_F410M	SEX_FLUXERR_F410M	EAZY_FLUX_F410M	EAZY_FLUXERR_F410M	SEX_FLUX_F444W	SEX_FLUXERR_F444W	EAZY_FLUX_F444W	EAZY_FLUXERR_F444W
1462	-1	z7-8	nircam9	-0.08841909	0.01640123	-0.00976122871928311	0.0019166456112378616	0.04073055	0.00976913	0.007634343826100001	0.001958446527845126	0.1519099	0.01788705	0.004236230148241189	0.0004677988409547721	0.2068743	7.70476e-05	0.005866800347703391	2.001531982006104e-06	0.03188356	7.594249e-05	0.0010048689149272957	1.9846591918899726e-06	0.0580433	4.304544e-05	0.0014848501550520903	1.3061910986440904e-06	0.2458182	0.01915012	0.008616431819782496	0.000631155711741227	0.3809496	6.592116e-05	0.01386387163195045	2.2770485682426355e-06	0.09561002	3.081773e-05	0.0	0.0
2181	-1	z7-8	nircam9	-0.01185292	0.01821768	0.0007304883200166868	0.0019195715068991283	0.004820865	0.01085106	0.002023503050597911	0.001961435722896714	0.1190375	0.01986805	0.0024786613910803917	0.00046851268228643024	0.1380643	8.558064e-05	0.005913129909745438	2.0045868423254976e-06	0.0778827	8.435314e-05	0.004046553240796825	1.9876883953696973e-06	0.1497822	4.781274e-05	0.005836776448144088	1.3081846643479085e-06	0.2080309	0.02127101	0.005839542986796588	0.0006321192589299316	0.3057735	7.322194e-05	0.01096255367310727	2.280524042151408e-06	0.2372264	3.42308e-05	0.0	0.0
2408	-1	z7-8	nircam9	0.05600817	0.03071235	0.00717480637099029	0.0019210327193230827	0.07306295	0.01829331	0.0049020595800749215	0.001962928633405846	0.8283782	0.03349464	0.008777744626884387	0.0004688694734924605	1.253142	0.0001442765	0.014227815189959536	2.0061124721802402e-06	0.8115665	0.0001422071	0.009319807113490373	1.9892011860039605e-06	1.019936	8.060531e-05	0.015890476097551356	1.3091805459494993e-06	1.301237	0.03585982	0.019300072069903855	0.0006326002167884316	1.631341	0.0001234415	0.043883133035286355	2.2822598982530445e-06	1.005018	5.770814e-05	0.0	0.0
3302	-1	z7-8	nircam9	-0.01358893	0.01773178	0.0024021314144555186	0.0019210327193230827	0.009401026	0.01056165	0.0025571877943677116	0.001962928633405846	-0.08271519	0.01933814	-0.0006898860904522585	0.0004688694734924605	0.02038655	8.329808e-05	0.00016119809674571158	2.0061124721802402e-06	0.09258657	8.210332e-05	0.0039496176945281345	1.9892011860039605e-06	0.1787536	4.65375e-05	0.002858512457516544	1.3091805459494993e-06	0.1763133	0.02070368	0.00750049212209977	0.0006326002167884316	0.3321466	7.126901e-05	0.011529384556508633	2.2822598982530445e-06	0.4762063	3.331781e-05	0.0	0.0
5653	-1	z7-8	nircam9	-0.0967637	0.03210275	-0.008059859149672211	0.0019171338389836325	0.003909757	0.01912148	-0.0015913919922352097	0.001958944892414181	0.4433344	0.03501099	0.007352803922110524	0.00046791794396984737	0.6354635	0.0001508081	0.008928741009291318	2.002041211121477e-06	0.1329079	0.000148645	0.007380180286142007	1.985164490352212e-06	0.6612844	8.425444e-05	0.009000017860743632	1.3065236600114993e-06	0.8874981	0.03748325	0.015453499025002492	0.0006313162485569544	0.4485288	0.0001290299	0.016273914272225902	2.2776282128628626e-06	0.6702187	6.032068e-05	0.0	0.0
5676	-1	z7-8	nircam9	0.05762913	0.02562773	0.0005610813907986809	0.0019137162447632357	-0.005289193	0.01526474	-0.0013198271645334663	0.0019554527679249254	0.3978208	0.02794939	0.00963987439070348	0.00046708370502512376	0.5947214	0.0001203906	0.008358481556000375	1.9984722351446954e-06	0.3613776	0.0001186638	0.007401331412249585	1.981625331281563e-06	0.2148099	6.72606e-05	0.007404408247421815	1.3041942283557722e-06	0.4503634	0.029923	0.011320449337613179	0.0006301908593751588	0.8146147	0.000103005	0.023295270957534538	2.273567622762226e-06	0.5110096	4.81542e-05	0.0	0.0
6061	-1	z7-8	nircam9	-0.01128636	0.01471726	-0.0002782400667646183	0.0019171338389836325	0.01683564	0.008766099	0.003679980741050522	0.001958944892414181	0.2223549	0.01605053	0.006458262603015049	0.00046791794396984737	0.2209625	6.913685e-05	0.00652454176240547	2.0020414683078987e-06	0.1569534	6.81452e-05	0.004309468853371739	1.985164490352212e-06	0.1155553	3.862581e-05	0.004130895854224998	1.3065236600114993e-06	0.1281407	0.01718391	0.004232882703933862	0.0006313162485569544	0.3933913	5.91528e-05	0.012628890037371358	2.2776282128628626e-06	0.1297037	2.765356e-05	0.0	0.0
7270	-1	z7-8	nircam9	-0.01010266	0.008565265	-0.0022020795171569904	0.001915182084938335	-0.01568133	0.005101762	-0.0033041193830500547	0.001956950243302671	0.03406911	0.009341208	0.002163573846859288	0.00046744127298994795	0.02670377	4.02368e-05	0.0025857497139731202	2.0000027515414546e-06	0.02847851	3.965967e-05	0.0018328261888796047	1.9831427790445107e-06	0.07275075	2.247975e-05	0.0016459783906875901	1.3051931141250903e-06	0.01899108	0.01000083	0.002116018148206772	0.0006306734487053634	0.1800601	3.44262e-05	0.008667444814785907	2.2753089504354996e-06	0.08935518	1.609403e-05	0.0	0.0
7542	-1	z7-8	nircam9	-0.003308162	0.007929894	0.0018434878072661116	0.0019161573834920904	-0.005071977	0.004723313	-0.0023336243463888727	0.001957947766330974	0.06165412	0.008648278	0.0018673159714824048	0.0004676797379396966	-0.0001674748	3.725203e-05	-1.7522571288113146e-05	2.0010222385178874e-06	4.379181e-06	3.671772e-05	-3.25875335257121e-06	1.9841538934277325e-06	0.05787539	2.08122e-05	0.0015194236193414087	1.3058585372766813e-06	0.007296978	0.009258967	0.0012714705056317722	0.0006309951749254997	0.1208473	3.187247e-05	0.003639128616416362	2.276468923622408e-06	0.1952109	1.490018e-05	0.0	0.0
8294	-1	z7-8	nircam9	0.0003266628	0.01360721	0.0038181839288636927	0.0019166456112378616	0.001031435	0.008104915	0.0017378300002650632	0.001958446527845126	0.194825	0.01483991	0.007691235139447206	0.0004677988409547721	-0.03663938	6.392219e-05	-0.0008024136635659079	2.001531982006104e-06	0.2015058	6.300534e-05	0.005450302381505977	1.9846591918899726e-06	-0.08380187	3.571246e-05	-0.0040344049909927255	1.3061910986440904e-06	0.08668081	0.01588782	0.0028190026646840215	0.000631155711741227	0.1220842	5.469119e-05	0.003953402012279998	2.2770485682426355e-06	0.1246864	2.556779e-05	0.0	0.0
9473	-1	z7-8	nircam9	0.004822577	0.008147192	0.001361936749459277	0.0019146927002547777	0.009737562	0.004852743	0.0009094615524646466	0.0019564510848434223	0.0236472	0.008885262	0.0019216378209798916	0.00046732216997487255	-0.03815332	3.827282e-05	0.0018146274079876043	1.999492493680394e-06	-0.01465968	3.772387e-05	0.0006450472512320249	1.9826372218528996e-06	0.1440326	2.138251e-05	0.006992996489674997	1.3048602523409085e-06	-0.1123567	0.009512683	-0.010739616044304314	0.0006305125855952952	0.06434938	3.274585e-05	-3.0659339532286807e-05	2.2747286218688173e-06	0.4409702	1.530848e-05	0.0	0.0
9920	-1	z7-8	nircam9	-0.0655331	0.03008022	0.00380067136159418	0.0019156703126841058	-0.05790166	0.0179168	-0.006597408119133431	0.0019574490048168227	0.5538536	0.03280525	0.009755419850502474	0.00046756063492462124	0.7253389	0.000141307	0.013320842129381548	2.000512495029671e-06	0.4395361	0.0001392802	0.008542930779323008	1.983648336236122e-06	0.4140789	7.894628e-05	0.00788333567067136	1.305525975909272e-06	0.459377	0.03512175	0.010067302869578177	0.0006308343118154316	0.7881508	0.0001209008	0.01718322450327636	2.275888937028954e-06	0.3883213	5.652038e-05	0.0	0.0
10502	-1	z7-8	nircam9	0.04397465	0.01753366	0.006282949641187804	0.0019156703126841058	0.005746666	0.01044364	0.0012903353346751826	0.0019574490048168227	0.066889	0.01912206	0.0018990530412060225	0.00046756063492462124	0.01435048	8.236734e-05	-0.0004325590139521263	2.000512495029671e-06	0.06730002	8.118594e-05	0.002539503552554487	1.983648336236122e-06	0.1418612	4.601751e-05	0.0038033724760945433	1.305525975909272e-06	0.1436781	0.02047235	0.003797312388254317	0.0006308343118154316	0.3008208	7.047268e-05	0.01144612091513227	2.275888937028954e-06	0.3595831	3.294554e-05	0.0	0.0
11980	-1	z7-8	nircam9	0.03477985	0.02984704	-0.002356133881952295	0.001915182084938335	-0.01536576	0.01777791	-0.006063086278483237	0.001956950243302671	0.5704955	0.03255094	0.008926092610552728	0.00046744127298994795	1.04646	0.0001402116	0.014252484511548707	2.0000027515414546e-06	0.2511876	0.0001382005	0.0074242056759703315	1.9831427790445107e-06	0.5184791	7.833428e-05	0.008395519230661813	1.3051931141250903e-06	0.4524912	0.03484948	0.008861828004749996	0.0006306734487053634	0.8898475	0.0001199636	0.015548035060552268	2.2753089504354996e-06	0.2482406	5.608224e-05	0.0	0.0
12134	-1	z7-8	nircam9	-0.02816767	0.01281386	0.0019636311686104884	0.0019171338389836325	0.003455671	0.007632371	0.0019178846931267835	0.001958944892414181	-0.03253381	0.0139747	-0.00177398167047738	0.00046791794396984737	0.1052771	6.019531e-05	0.0038943476628628703	2.002041211121477e-06	0.01685582	5.933192e-05	0.0006583260187576427	1.985164490352212e-06	0.07805474	3.36303e-05	0.0019128482232379537	1.3065236600114993e-06	0.0251264	0.0149615	0.0013718836735144542	0.0006313162485569544	0.1253162	5.150251e-05	0.010251847813527724	2.2776282128628626e-06	0.2307635	2.40771e-05	0.0	0.0
12709	-1	z7-8	nircam9	0.02871797	0.03951709	-0.0039023071891729232	0.0019171338389836325	-0.05241267	0.02353771	0.00471985582645903	0.001958944892414181	0.5632991	0.04309701	0.01255895724120598	0.00046791794396984737	0.4970541	0.0001856383	0.011392556068774849	2.002041211121477e-06	0.4979928	0.0001829756	0.00700107966207022	1.985164490352212e-06	0.7419071	0.0001037136	0.010889996857157724	1.3065236600114993e-06	0.8095872	0.04614026	0.009639733291137723	0.0006313162485569544	1.742786	0.0001588303	0.03857611891588635	2.2776282128628626e-06	1.141171	7.425214e-05	0.0	0.0
13656	-1	z7-8	nircam9	-0.005698917	0.01753366	-0.0007556431555266367	0.0019161573834920904	0.009826548	0.01044364	0.001955565301859873	0.001957947766330974	-0.09322251	0.01912206	-0.0007788946217336652	0.0004676797379396966	0.27987	8.236734e-05	0.007745055933656825	2.0010222385178874e-06	0.2431338	8.118594e-05	0.006224024804636627	1.9841538934277325e-06	0.1909049	4.601751e-05	0.0058248198605895425	1.3058585372766813e-06	0.05329931	0.02047235	0.0029022586235330212	0.0006309951749254997	0.2376191	7.047268e-05	0.007556835463233633	2.276468923622408e-06	0.1065722	3.294554e-05	0.0	0.0
13856	-1	z7-8	nircam9	0.009664392	0.03099542	0.0020234564215342193	0.0019161573834920904	0.004043574	0.01846192	0.0031555984056246492	0.001957947766330974	2.998718	0.03380335	0.02532355360552754	0.0004676797379396966	2.30509	0.0001456063	0.020112214804513917	2.0010222385178874e-06	1.603217	0.0001435178	0.013444152514369959	1.9841538934277325e-06	1.094882	8.134824e-05	0.010492662629380903	1.3058585372766813e-06	0.5654812	0.03619033	0.00818082561172545	0.0006309951749254997	0.2954041	0.0001245793	0.011317299600418633	2.276468923622408e-06	0.653419	5.824003e-05	0.0	0.0
15257	-1	z7-8	nircam9	0.0008657038	0.07270271	0.005874677865820268	0.0019171338389836325	0.07156599	0.0433042	0.0035385611114071894	0.001958944892414181	0.8590567	0.07928899	0.001255815459045221	0.00046791794396984737	4.727803	0.0003415334	0.0115895042869416	2.002041211121477e-06	1.343046	0.0003366347	0.0038297354403147212	1.985164490352212e-06	3.869304	0.0001908101	0.014786543595313631	1.3065236600114993e-06	5.210635	0.08488788	0.02059518325312317	0.0006313162485569544	7.276287	0.0002922126	0.040643176088136355	2.2776282128628626e-06	10.07145	0.0001366075	0.0	0.0
15632	-1	z7-8	nircam9	0.02180513	0.01459809	0.002593766589359535	0.0019156703126841058	0.01845759	0.008695117	0.0028959050149334393	0.0019574490048168227	0.06904897	0.01592056	0.0018536193836683342	0.00046756063492462124	-0.06622776	6.857703e-05	-0.0011683169009935345	2.000512495029671e-06	-0.1048316	6.759341e-05	-0.004486952027528031	1.983648336236122e-06	0.0556734	3.831305e-05	0.0016856328038540446	1.305525975909272e-06	0.1403301	0.01704477	0.0028837463141015442	0.0006308343118154316	0.2304947	5.867382e-05	0.009129447225099086	2.275888937028954e-06	0.1337322	2.742964e-05	0.0	0.0
