NUMBER	REDSHIFT	REDSHIFT_BIN	POINTING	SEX_FLUX_F606W	SEX_FLUXERR_F606W	EAZY_FLUX_F606W	EAZY_FLUXERR_F606W	SEX_FLUX_F814W	SEX_FLUXERR_F814W	EAZY_FLUX_F814W	EAZY_FLUXERR_F814W	SEX_FLUX_F115W	SEX_FLUXERR_F115W	EAZY_FLUX_F115W	EAZY_FLUXERR_F115W	SEX_FLUX_F150W	SEX_FLUXERR_F150W	EAZY_FLUX_F150W	EAZY_FLUXERR_F150W	SEX_FLUX_F200W	SEX_FLUXERR_F200W	EAZY_FLUX_F200W	EAZY_FLUXERR_F200W	SEX_FLUX_F277W	SEX_FLUXERR_F277W	EAZY_FLUX_F277W	EAZY_FLUXERR_F277W	SEX_FLUX_F356W	SEX_FLUXERR_F356W	EAZY_FLUX_F356W	EAZY_FLUXERR_F356W	SEX_FLUX_F410M	SEX_FLUXERR_F410M	EAZY_FLUX_F410M	EAZY_FLUXERR_F410M	SEX_FLUX_F444W	SEX_FLUXERR_F444W	EAZY_FLUX_F444W	EAZY_FLUXERR_F444W
292	-1	z10-15	nircam10	-0.04624368	0.02343369	-0.0019792521425995853	0.00204607918300532	0.03809535	0.01594303	0.0001891127418040479	0.0023880494886135825	-0.01337337	0.03001304	-0.0004845921071608021	0.0005864712727386911	0.06001855	0.03653728	0.001976954733155976	0.0007091792134560121	0.1880078	0.03104356	0.0035432780422409867	0.0006061622965536124	0.3371857	0.02793226	0.004887471462996816	0.000633289071496136	0.3511754	0.02801555	0.010357221917362724	0.0006898909771652497	0.4560123	0.06268267	0.015630539521364086	0.0016177498340528632	0.4875705	0.05183295	0.0	0.0
440	-1	z10-15	nircam10	0.02838381	0.008463254	0.0061162881253364184	0.002044517316993967	0.005752889	0.005757947	0.0005992477684661259	0.002386225525893704	-0.02202016	0.01083944	-0.0007645049061557758	0.0005860233418341686	0.06118105	0.01319571	0.0026200018016424875	0.000708637578851479	-0.01957086	0.01121161	-0.0002723100760485067	0.0006056994297082736	0.05880296	0.01008795	0.011296797217443177	0.0006328054004920452	5.68256	0.01011803	0.1811481113949499	0.0006893643380990226	7.981727	0.02263832	0.26718672602990445	0.0016165142847827266	3.139936	0.01871986	0.0	0.0
988	-1	z10-15	nircam10	-0.03851586	0.02978884	0.003932472028072178	0.00204607918300532	-0.05498736	0.02026674	-0.0018903912833584298	0.0023880494886135825	0.03766441	0.03815249	0.00023165839368090356	0.0005864712727386911	0.1750064	0.04644608	0.000969084353027419	0.0007091792134560121	-0.05085097	0.03946248	0.00017244742091002493	0.0006061622965536124	0.4606885	0.03550741	0.007529651999971815	0.000633289071496136	0.357038	0.03561329	0.009157695398369315	0.0006898909771652497	0.6953689	0.07968203	0.021961445421344542	0.0016177498340528632	0.7157892	0.06588989	0.0	0.0
1513	-1	z10-15	nircam10	0.05475438	0.02073066	0.006104231676666564	0.00204607918300532	-0.04387871	0.01410403	-0.004254794951027116	0.0023880494886135825	-0.03485625	0.02655109	-0.000887579747864318	0.0005864712727386911	0.07533801	0.03232277	0.0005554167105099353	0.0007091792134560121	0.06103929	0.02746273	5.077395738584227e-05	0.0006061622965536124	0.4769535	0.02471032	0.00832079656678136	0.000633289071496136	0.3007441	0.02478401	0.007605813409458406	0.0006898909771652497	-0.01031878	0.05545234	0.0066831554227327235	0.0016177498340528632	0.2375422	0.04585411	0.0	0.0
2621	-1	z10-15	nircam10	-0.04282534	0.02283162	-0.0019655204480153315	0.002045037938997751	-0.001917719	0.01553342	-0.0003394970192084263	0.0023868328518918355	0.1079247	0.02924194	0.0011955985281406987	0.0005861727384422087	0.03003383	0.03559855	0.0022530363842923917	0.0007088181237196568	0.02607115	0.03024597	-0.0007179100993318912	0.0006058536324135962	0.4170634	0.02721461	0.010658402562894543	0.0006329667242989997	0.3585806	0.02729577	0.005588342025504316	0.0006895398844544315	0.2457439	0.0610722	0.003873250327271817	0.0016169263625215903	0.8114276	0.05050124	0.0	0.0
3693	-1	z10-15	nircam10	0.07940809	0.01974759	0.006569994004505305	0.002045037938997751	0.007364774	0.01343521	0.0008074500366157556	0.0023868328518918355	-0.04045875	0.02529202	-0.0015000100405778835	0.0005861727384422087	-0.1472513	0.03079	0.0004009878375447015	0.0007088181237196568	0.3104619	0.02616043	0.00545218593132938	0.0006058536324135962	0.179672	0.02353854	0.0032374413512954534	0.0006329667242989997	0.01682627	0.02360873	-0.0003516428430769544	0.0006895398844544315	0.1888176	0.05282275	0.0031656129934605898	0.0016169263625215903	0.1603251	0.04367968	0.0	0.0
4464	-1	z10-15	nircam10	-0.03211103	0.0212051	-0.0023674510473767766	0.00204607918300532	0.01412109	0.01442682	-0.0018517492736008477	0.0023880494886135825	-0.05596128	0.02715875	0.001113342361055272	0.0005864712727386911	-0.0378775	0.03306251	0.0001549365075247907	0.0007091792134560121	0.7060813	0.02809125	0.012090969441996769	0.0006061622965536124	0.5692959	0.02527585	0.01292497200892863	0.000633289071496136	0.3412698	0.02535122	0.008849833424778176	0.0006898909771652497	0.2410005	0.05672143	0.007636840099754088	0.0016177498340528632	0.4831556	0.04690354	0.0	0.0
5066	-1	z10-15	nircam10	0.00599424	0.007463889	0.0006275870338874127	0.002045037938997751	0.009135725	0.005078032	0.006641125667371477	0.0023868328518918355	-0.0342097	0.009559485	-0.0027104635628140594	0.0005861727384422087	-0.02526069	0.01163753	-0.003342595344492243	0.0007088181237196568	-0.04275923	0.009887715	-0.003465400501465682	0.0006058536324135962	0.03643733	0.008896733	0.0022969007250757266	0.0006329667242989997	0.01645661	0.008923263	0.003619377558269771	0.0006895398844544315	0.9063271	0.01996512	0.023462629235229536	0.0016169263625215903	0.05094711	0.01650937	0.0	0.0
5597	-1	z10-15	nircam10	-0.03900119	0.01795327	-0.0009524748321910911	0.002049200601152452	0.005070315	0.01221445	-0.0010051612443290354	0.002391691459876887	-0.0422678	0.02299392	-0.00028146217386934563	0.0005873658399497464	0.08768982	0.02799234	0.0009027366858363619	0.0007102609395465462	0.1276887	0.02378343	0.003295963810758267	0.000607086995326805	0.03409319	0.02139977	0.003974021219674544	0.000634255211837227	0.1152145	0.02146358	0.005017711956235679	0.0006909436027090225	0.1325995	0.04802313	0.006871664744534542	0.0016202178548340902	0.2755213	0.03971083	0.0	0.0
6053	-1	z10-15	nircam10	-0.004926289	0.01180144	0.0017266625434925193	0.00204607918300532	0.003137423	0.008029073	0.0031295846087046842	0.0023880494886135825	-0.02996315	0.01511487	-0.0026058056721105427	0.0005864712727386911	0.008459509	0.01840054	0.0024202355918509187	0.0007091792134560121	-0.1530244	0.01563385	-0.005961921602287741	0.0006061622965536124	0.2073235	0.01406697	0.011934077325764993	0.000633289071496136	0.1003693	0.01410892	0.005662453259154997	0.0006898909771652497	0.03274867	0.03156763	-0.00031192205634755446	0.0016177498340528632	0.1512884	0.0261036	0.0	0.0
6834	-1	z10-15	nircam10	0.02357768	0.0158333	0.0005442562759617205	0.00204607918300532	0.0270687	0.01077213	0.005922404966719985	0.0023880494886135825	-0.07101501	0.02027873	-0.0020236280630653186	0.0005864712727386911	0.03458704	0.02468692	0.0008280458911186923	0.0007091792134560121	-0.02169592	0.02097501	-5.541856356850659e-05	0.0006061622965536124	0.157445	0.01887282	0.005397158559605907	0.000633289071496136	0.1117358	0.0189291	0.004064064537834316	0.0006898909771652497	0.07556078	0.04235242	0.002463173652703908	0.0016177498340528632	0.2969671	0.03502166	0.0	0.0
7011	-1	z10-15	nircam10	-0.05297753	0.02203338	-0.0039883174150114244	0.00204607918300532	0.01166026	0.01499034	0.0006253661604191021	0.0023880494886135825	-0.03148209	0.02821957	-0.00114817093077889	0.0005864712727386911	0.07244159	0.03435394	0.0010894954351536414	0.0007091792134560121	0.2804728	0.0291885	0.004605059398254006	0.0006061622965536124	0.2443715	0.02626313	0.006392853902797725	0.000633289071496136	0.2210194	0.02634145	0.005145208207002498	0.0006898909771652497	0.3586614	0.05893698	0.007300051186606815	0.0016177498340528632	0.2053109	0.0487356	0.0	0.0
7172	-1	z10-15	nircam10	0.006140982	0.02467442	0.0031626340557654757	0.002045037938997751	0.006106575	0.01678716	0.003740082198159728	0.0023868328518918355	-0.1210074	0.03160212	-0.0028458681557788834	0.0005861727384422087	-0.05523575	0.03847179	-0.00039565713457786735	0.0007088181237196568	0.03914372	0.03268719	0.0007752626390782761	0.0006058536324135962	0.1089591	0.02941117	0.003426529676385453	0.0006329667242989997	0.2572295	0.02949887	0.008278903164715905	0.0006895398844544315	1.193221	0.06600148	0.03193935900089771	0.0016169263625215903	0.3967774	0.05457731	0.0	0.0
7955	-1	z10-15	nircam10	-0.01511228	0.01465879	0.000499667546600737	0.0020439955380523967	-0.002339106	0.009973058	-0.0002470098040125853	0.0023856162151700885	-0.07031707	0.01877446	-0.0022503139835427046	0.0005858739452261284	0.05308308	0.02285565	0.001663605483553352	0.0007084570339833014	0.05879744	0.01941909	0.0025466708735995282	0.0006055449682735797	0.04039371	0.01747284	0.001318776458503954	0.0006326440766850905	0.008216334	0.01752494	0.0015615083245564087	0.0006891884654492724	0.07693323	0.03921072	0.0026866035706086806	0.001616102207043863	0.2549293	0.03242375	0.0	0.0
8317	-1	z10-15	nircam10	0.07682092	0.02515358	0.0024332808074108174	0.002045558561001536	0.04754969	0.01711315	0.010460938257678057	0.002387440177889967	0.03837848	0.03221581	8.416310992462277e-06	0.0005863218761306509	0.05055512	0.03921888	0.0010560946345407813	0.0007089986685878344	-0.3594089	0.03332195	-0.0059998901375328435	0.0006060080938482901	0.1172092	0.02998231	0.003292360541517726	0.0006331277476891815	0.3021323	0.03007172	0.007141134375626362	0.0006897154308098406	1.1226	0.06728318	0.03498608397597725	0.001617338098287227	0.6170744	0.05563716	0.0	0.0
9108	-1	z10-15	nircam10	-0.01799531	0.01632821	-0.002489554261330954	0.002047639892078886	-0.01128218	0.01110884	-0.003273282703203751	0.0023898714666079767	-0.08076414	0.02091259	-0.002388767872613056	0.0005869186858040177	-0.008463887	0.02545857	0.000320851120343184	0.000709720333687701	0.02929469	0.02163064	0.0008592097121759989	0.0006066249046695802	0.06452886	0.01946274	0.0015807230609828627	0.0006337721416666815	0.09204029	0.01952078	0.003998681677802953	0.000690417616231477	0.2853963	0.04367625	0.010311316957750451	0.0016189843574033176	0.4169274	0.03611635	0.0	0.0
9314	-1	z10-15	nircam10	0.05021618	0.02720556	0.002635508904685163	0.002044517316993967	0.02821946	0.01850921	0.00844055718026662	0.002386225525893704	0.03005173	0.03484392	0.000888921987060298	0.0005860233418341686	0.1868411	0.04241829	0.004384249218629456	0.000708637578851479	0.316384	0.0360403	0.009706369492631792	0.0006056994297082736	0.4193271	0.03242821	0.00818844795755636	0.0006328054004920452	0.4614769	0.03252491	0.00932841912341977	0.0006893643380990226	0.09581815	0.07277202	0.0029001839756215442	0.0016165142847827266	0.4492935	0.06017594	0.0	0.0
9597	-1	z10-15	nircam10	0.01396782	0.01519201	0.005539522244664179	0.0020429531371070424	0.04609929	0.01033583	0.010495444694944442	0.0023843995784483415	0.03214277	0.01945739	0.0005395980222361788	0.0005855751520100478	0.09274417	0.02368703	0.003052910846314827	0.0007080956870605243	0.1902445	0.02012546	0.006099881277677136	0.000605236045404192	0.09229903	0.01810842	0.0025046263059121804	0.0006323214290711815	0.1579569	0.01816242	0.006271086830309315	0.0006888370464441134	0.2443417	0.04063703	0.010644504892814542	0.0016152780515661356	0.05773738	0.03360318	0.0	0.0
10044	-1	z10-15	nircam10	-0.0311795	0.01739033	-0.0023967701647543273	0.0020429531371070424	0.03545022	0.01183146	0.006285790340327464	0.0023843995784483415	0.008477634	0.02227293	0.00036415487939698345	0.0005855751520100478	0.1633	0.02711462	0.00524964809410643	0.0007080956870605243	0.2379738	0.02303768	0.007676598765012583	0.000605236045404192	0.05418442	0.02072876	0.0008072802520894997	0.0006323214290711815	0.1731447	0.02079057	0.005208561516233407	0.0006888370464441134	0.2415608	0.04651733	0.008372397153759543	0.0016152780515661356	0.1789848	0.03846566	0.0	0.0
10059	-1	z10-15	nircam10	-0.05636341	0.01795327	-0.002851245407551028	0.00204607918300532	0.03421954	0.01221445	0.007187613875239141	0.0023880494886135825	-0.01866912	0.02299392	-0.000271482894723617	0.0005864712727386911	-0.005655813	0.02799234	0.0007399060468403211	0.0007091792134560121	0.2347288	0.02378343	0.005708172771339635	0.0006061622965536124	0.2143094	0.02139977	0.005287410304193179	0.000633289071496136	0.2602293	0.02146358	0.00913944575588227	0.0006898909771652497	0.6734123	0.04802313	0.025940273143072262	0.0016177498340528632	0.4662626	0.03971083	0.0	0.0
