NUMBER	REDSHIFT	REDSHIFT_BIN	POINTING	SEX_FLUX_F606W	SEX_FLUXERR_F606W	EAZY_FLUX_F606W	EAZY_FLUXERR_F606W	SEX_FLUX_F814W	SEX_FLUXERR_F814W	EAZY_FLUX_F814W	EAZY_FLUXERR_F814W	SEX_FLUX_F115W	SEX_FLUXERR_F115W	EAZY_FLUX_F115W	EAZY_FLUXERR_F115W	SEX_FLUX_F150W	SEX_FLUXERR_F150W	EAZY_FLUX_F150W	EAZY_FLUXERR_F150W	SEX_FLUX_F200W	SEX_FLUXERR_F200W	EAZY_FLUX_F200W	EAZY_FLUXERR_F200W	SEX_FLUX_F277W	SEX_FLUXERR_F277W	EAZY_FLUX_F277W	EAZY_FLUXERR_F277W	SEX_FLUX_F356W	SEX_FLUXERR_F356W	EAZY_FLUX_F356W	EAZY_FLUXERR_F356W	SEX_FLUX_F410M	SEX_FLUXERR_F410M	EAZY_FLUX_F410M	EAZY_FLUXERR_F410M	SEX_FLUX_F444W	SEX_FLUXERR_F444W	EAZY_FLUX_F444W	EAZY_FLUXERR_F444W
49	-1	z8-10	nircam3	-0.02888751	0.017461	-0.0017047617111999992	0.001670945576647539	0.02057476	0.01259705	0.0028267194692835544	0.0020680105195786235	-0.05725862	0.02788842	0.0011036808766575028	0.0005977720966438372	0.1179717	0.03338175	0.00257065372892611	0.0007107286194300356	0.04017295	0.02861952	0.0023958226669765774	0.0006129918972861339	0.0461458	0.02381876	-0.0013543212920929632	0.0005917275556675078	0.2379709	0.02522933	0.005798450397372396	0.0006807595220677594	0.4867318	0.05507364	0.013318610418189995	0.0015574511544684726	1.168763	0.04459897	0.0	0.0
457	-1	z8-10	nircam3	0.02131237	0.0156176	-0.0003212971261904687	0.0016692460350396304	0.01653689	0.01126715	0.001813720742490397	0.0020659067105654886	0.1537817	0.02494416	0.0031753945996596073	0.0005971639036381474	-0.002078185	0.02985754	-0.0001980737636253427	0.0007100055779993427	0.4410564	0.02559808	0.010244295807353206	0.0006123683554125125	0.1811082	0.02130415	0.004628951623865313	0.0005911256656616213	0.07852103	0.0225658	0.004274586224901016	0.0006800669662618971	0.205696	0.04925936	0.006362894479810866	0.0015558668327527339	-0.04045297	0.03989054	0.0	0.0
868	-1	z8-10	nircam3	-0.105773	0.02153968	-0.005562483988906634	0.0016688214388720997	-0.009024574	0.01553957	-0.0008487775784258599	0.0020653807583122046	0.2493537	0.03440282	0.0017254749126398325	0.0005970117906026383	0.8124282	0.04117932	0.012249374608970206	0.0007098246245903796	0.05337068	0.03530469	0.0005096157497590485	0.0006122122109981465	0.483271	0.02938254	0.007464012734078068	0.0005909751931601495	0.5830173	0.0311226	0.010311529615258745	0.0006798937457565212	0.7173871	0.06793818	0.021980795379036897	0.0015554702394876805	0.4187834	0.05501676	0.0	0.0
1021	-1	z8-10	nircam3	0.2107546	0.04018175	0.0020194059823447786	0.0016705209804800084	0.1393063	0.0289887	0.005101552277382721	0.00206748456732534	1.046736	0.06417763	0.008978696073865483	0.0005976199836083281	2.285604	0.07681903	0.01600203942879911	0.0007105479234227923	1.625574	0.06586005	0.01422561584934442	0.0006128360118177286	1.54385	0.05481241	0.01339845897520252	0.0005915770831660362	1.385459	0.05805845	0.016439947133511833	0.0006805866277780246	1.063076	0.126737	0.017795259464702923	0.001557055244984911	0.8027176	0.1026324	0.0	0.0
1715	-1	z8-10	nircam3	-0.01823474	0.01805813	-0.0038486507285251416	0.0016688214388720997	-0.05569313	0.01302785	-0.008920420138358875	0.0020653807583122046	0.08229778	0.02884215	0.00122303234039954	0.0005970117906026383	0.7844031	0.03452333	0.012775501150060216	0.0007098246245903796	0.2795758	0.02959824	0.005803608220351422	0.0006122122109981465	0.1960067	0.02463331	0.005047568525714	0.0005909751931601495	0.1313015	0.02609212	0.0023007036610699066	0.0006798937457565212	0.3384794	0.05695704	0.010868583726266581	0.0015554702394876805	0.3602337	0.04612416	0.0	0.0
1725	-1	z8-10	nircam3	0.002333143	0.01587019	-0.0009856375282819127	0.0016717947689826004	0.01490849	0.01144938	0.003587292076218046	0.0020690624240851914	0.138698	0.0253476	0.003765277031092013	0.000598075804442162	0.385505	0.03034045	0.009093915241114728	0.0007110897540428023	0.2509398	0.02601209	0.006410927129528213	0.0006133034092769837	0.257265	0.02164871	0.007302778895824508	0.0005920285006704511	0.2254512	0.02293077	0.00749646478979648	0.0006811056368628702	0.7548763	0.05005606	0.025455940445159052	0.0015582426315448508	0.3338718	0.04053571	0.0	0.0
2210	-1	z8-10	nircam3	-0.01060769	0.01912757	0.0013010528984611855	0.0016700963843124781	0.006411775	0.01379938	0.0011059682302816322	0.002066958615072056	0.3422605	0.03055024	0.007262433458350605	0.0005974681297091658	0.4151304	0.03656787	0.009069212398073222	0.000710367227415549	0.4237796	0.03135111	0.007951844626876417	0.0006126801263493233	0.2443613	0.02609215	0.0051614410690432756	0.0005914266106645645	0.3983898	0.02763734	0.009368665285893774	0.0006804134072726487	-0.01293774	0.06033015	-0.0005452155654597975	0.0015566589936106031	0.5651628	0.04885573	0.0	0.0
2790	-1	z8-10	nircam3	0.05568766	0.0169994	0.005326304395358845	0.001669671788144947	0.04361667	0.01226403	0.004938636086021212	0.0020664326628187725	0.3290009	0.02715115	0.00790611518672006	0.0005973160166736566	0.9063266	0.03249926	0.018151372102648347	0.0007101865314083058	0.4333993	0.02786292	0.009090606099794573	0.0006125242408809178	0.2279858	0.02318908	0.0070538865659950595	0.0005912761381630928	0.4025507	0.02456236	0.009807418798738176	0.0006802401867672729	0.2519429	0.05361769	0.010071072278226408	0.0015562630841270415	-0.01271047	0.04341994	0.0	0.0
3404	-1	z8-10	nircam3	-0.006967959	0.01987529	0.0005950852963538394	0.0016675441795561492	0.02961135	0.01433881	0.0028908280871451377	0.0020638009168268694	0.279248	0.03174448	0.0054807311412052055	0.0005965551923597643	0.6867929	0.03799735	0.013501204114534947	0.0007092817643634907	0.5922336	0.03257666	0.013316171740397006	0.0006117440367010089	0.3925053	0.02711212	0.008937369788607694	0.0005905231749671059	0.2623935	0.02871772	0.007093356860045143	0.0006793737580247528	0.05127121	0.06268852	0.0009616460153621766	0.0015542808015832665	0.3810221	0.05076555	0.0	0.0
3591	-1	z8-10	nircam3	-0.01353821	0.007976748	-0.0017820671371352294	0.0016692460350396304	-0.007599479	0.00575474	-0.006314554966768378	0.0020659067105654886	0.0239645	0.01274033	0.0005930379347260927	0.0005971639036381474	-0.02704344	0.01524986	0.0007116763725620437	0.0007100055779993427	-0.007021386	0.01307432	0.0011103253222322232	0.0006123683554125125	-0.04982685	0.01088118	-0.002213980904707272	0.0005911256656616213	0.09558175	0.01152557	0.004529037687044512	0.0006800669662618971	0.1279182	0.02515941	0.009776403482291801	0.0015558668327527339	0.06289002	0.02037425	0.0	0.0
4026	-1	z8-10	nircam3	0.01315628	0.01092261	0.003026255386467537	0.0016717947689826004	0.01434433	0.007880002	0.0013482541891695354	0.0020690624240851914	-0.01725135	0.01744542	-0.0002896677910609888	0.000598075804442162	0.001627362	0.02088173	-0.0011414425206612007	0.0007110897540428023	0.1125829	0.01790274	0.003363073613268401	0.0006133034092769837	0.08716101	0.01489967	0.0006077335048659669	0.0005920285006704511	0.06609604	0.01578204	0.0023527187450288057	0.0006811056368628702	0.2959819	0.03445094	0.010072610786582219	0.0015582426315448508	0.1435438	0.02789859	0.0	0.0
4596	-1	z8-10	nircam3	0.04389883	0.01636368	0.0047987176261018415	0.001669671788144947	0.03737353	0.0118054	0.003791756510863489	0.0020664326628187725	0.05420875	0.02613579	0.0016037839659598459	0.0005973160166736566	0.3850244	0.0312839	0.008890431459624659	0.0007101865314083058	0.1897632	0.02682094	0.004834624666635844	0.0006125242408809178	0.2050508	0.02232189	0.0066781287977990805	0.0005912761381630928	0.0979476	0.02364381	0.005041232127149287	0.0006802401867672729	0.3710278	0.05161258	0.012483080719224025	0.0015562630841270415	0.09635455	0.04179619	0.0	0.0
5466	-1	z8-10	nircam3	-0.04539135	0.02393024	-0.003803793936679098	0.0016705209804800084	0.0123275	0.01726422	-0.0012150781168243701	0.00206748456732534	-0.02331478	0.03822099	0.0011550227836188568	0.0005976199836083281	-0.1923191	0.04574957	-0.0034799271056482313	0.0007105479234227923	0.2632351	0.03922295	0.003237914672572338	0.0006128360118177286	0.07632762	0.03264353	0.0026221133872318617	0.0005915770831660362	0.3140051	0.03457671	0.006248109299095732	0.0006805863015623835	0.1287681	0.07547824	0.011060322894290023	0.001557055244984911	0.8317034	0.06112274	0.0	0.0
5922	-1	z8-10	nircam3	0.07440703	0.02147805	0.005669916074794174	0.0016713713297528562	0.01471529	0.01549511	0.0029756850252173964	0.002068536471831908	0.499373	0.03430439	0.007380288668826833	0.0005979239505429996	0.8990963	0.0410615	0.02053429168910888	0.0007109093154372787	0.5653983	0.03520368	0.010694377550209262	0.0006131477827545392	0.5010298	0.02929847	0.012029051087857215	0.0005918780281689795	0.457524	0.03103355	0.010981573279734995	0.0006809324163574942	0.4519367	0.06774379	0.009459802395018254	0.0015578470639520344	0.5131613	0.05485934	0.0	0.0
8730	-1	z8-10	nircam3	0.0364546	0.01400671	0.001029945121760853	0.001665841167134882	0.02219962	0.01010499	0.0075953141994553755	0.002061693138362766	0.02302443	0.02237128	-0.0011670702915129866	0.0005959457036723411	0.09701731	0.02677787	0.0021344867722626814	0.0007085574359241991	0.08562408	0.02295775	0.001695532835815775	0.0006111192000975836	0.153024	0.01910672	0.0018352010720206588	0.0005899197832396477	0.08682033	0.02023823	0.0022021382575702934	0.0006786798973563265	0.335712	0.04417848	0.01278487451829976	0.0015526930609600703	0.1286595	0.035776	0.0	0.0
9992	-1	z8-10	nircam3	-0.08292807	0.02862197	-0.004353280381290835	0.0016692460350396304	0.08525252	0.02064901	0.006285061946074805	0.0020659067105654886	0.1638324	0.04571453	0.003118058091590191	0.0005971639036381474	0.8827484	0.05471916	0.011942484834617113	0.0007100055779993427	0.6059307	0.04691294	0.01136985362572985	0.0006123683554125125	0.8128633	0.03904357	0.015169012735632823	0.0005911256656616213	1.548968	0.04135576	0.03611686682962863	0.0006800669662618971	2.823901	0.09027638	0.07352955376941875	0.0015558668327527339	3.536865	0.07310636	0.0	0.0
10047	-1	z8-10	nircam3	-0.001475927	0.01798457	8.915938735374651e-05	0.0016679699326614663	-0.01400574	0.01297478	0.001754231374720484	0.0020643268690801533	0.1583578	0.02872466	0.004273453772411941	0.0005967073053952733	0.4967057	0.03438271	0.010159234034587725	0.0007094629751741734	0.3879693	0.02947768	0.009150722994055338	0.0006119001811153749	0.3652487	0.02453297	0.0073325700483613835	0.0005906736474685776	0.3429499	0.02598584	0.009134794768541543	0.0006795473047457695	0.2185377	0.05672504	0.006008941828565703	0.0015546773948483196	0.1738849	0.04593629	0.0	0.0
10134	-1	z8-10	nircam3	-0.01179578	0.019471	-2.8527447989219258e-05	0.0016705209804800084	0.01418776	0.01404715	-0.007821168020642855	0.00206748456732534	0.2277748	0.03109876	0.004272178821586208	0.0005976199836083281	0.3246578	0.03722444	0.006873938665288398	0.0007105479234227923	0.3286467	0.03191401	0.006393849643413045	0.0006128360118177286	0.2347768	0.02656062	0.005021705876808361	0.0005915770831660362	0.2708069	0.02813357	0.007750107237150273	0.0006805866277780246	0.5726371	0.06141337	0.015841042732245295	0.001557055244984911	0.1619586	0.04973292	0.0	0.0
11198	-1	z8-10	nircam3	0.06173716	0.01798457	0.003979560552907775	0.0016692460350396304	-0.03561417	0.01297478	-0.0036200539397839154	0.0020659067105654886	0.1483924	0.02872466	0.0024558385263873206	0.0005971639036381474	0.2417205	0.03438271	0.006307487570787089	0.0007100055779993427	0.1518938	0.02947768	0.003790583036720984	0.0006123683554125125	0.1738988	0.02453297	0.004352809054398092	0.0005911256656616213	0.1619546	0.02598584	0.007277026052402489	0.0006800669662618971	0.3786571	0.05672504	0.014792080897438954	0.0015558668327527339	0.2358716	0.04593629	0.0	0.0
11909	-1	z8-10	nircam3	-0.06932049	0.03174037	0.0008507406649005222	0.0016671184264508323	0.003128696	0.02289875	-0.0015148121533218	0.002063272979848101	0.7664161	0.0506952	0.008670971662166887	0.0005964028201879085	1.360541	0.0606809	0.016567144312306284	0.0007091008109545276	0.3729314	0.05202417	0.006763500181383095	0.0006115878922866427	0.5324996	0.04329742	0.008900814882112449	0.0005903724021213199	0.5608551	0.04586153	0.013006631900896326	0.0006792002113037359	0.824823	0.1001121	0.011174483633198604	0.0015538838664274671	0.4733264	0.08107141	0.0	0.0
