NUMBER	REDSHIFT	REDSHIFT_BIN	POINTING	SEX_FLUX_F606W	SEX_FLUXERR_F606W	EAZY_FLUX_F606W	EAZY_FLUXERR_F606W	SEX_FLUX_F814W	SEX_FLUXERR_F814W	EAZY_FLUX_F814W	EAZY_FLUXERR_F814W	SEX_FLUX_F115W	SEX_FLUXERR_F115W	EAZY_FLUX_F115W	EAZY_FLUXERR_F115W	SEX_FLUX_F150W	SEX_FLUXERR_F150W	EAZY_FLUX_F150W	EAZY_FLUXERR_F150W	SEX_FLUX_F200W	SEX_FLUXERR_F200W	EAZY_FLUX_F200W	EAZY_FLUXERR_F200W	SEX_FLUX_F277W	SEX_FLUXERR_F277W	EAZY_FLUX_F277W	EAZY_FLUXERR_F277W	SEX_FLUX_F356W	SEX_FLUXERR_F356W	EAZY_FLUX_F356W	EAZY_FLUXERR_F356W	SEX_FLUX_F410M	SEX_FLUXERR_F410M	EAZY_FLUX_F410M	EAZY_FLUXERR_F410M	SEX_FLUX_F444W	SEX_FLUXERR_F444W	EAZY_FLUX_F444W	EAZY_FLUXERR_F444W
627	-1	z8-10	nircam5	0.0205008	0.01218368	0.0025225281451750695	0.0015736505796425698	0.03587855	0.008259718	0.007367459774979937	0.001830145338233982	0.1486122	0.01876985	0.00426712702386933	0.0005425574732412039	0.554995	7.213615e-05	0.016177157102927636	2.0711945249891005e-06	0.5393808	5.483626e-05	0.016275469421714425	1.583920771763105e-06	-1.731107e-05	3.500541e-05	-6.97739584666727e-07	1.1740299494852722e-06	0.243092	0.01684711	0.006566833495022498	0.0006136983119139089	-1.867985e-05	5.104799e-05	-7.84858992208136e-07	1.9489050802540445e-06	-1.588865e-05	2.808928e-05	0.0	0.0
1103	-1	z8-10	nircam5	0.005788634	0.00946237	0.001404825590131016	0.0015744523375283976	-0.003880166	0.006414854	-0.002542903725058718	0.0018310771668487622	-0.05970493	0.01457748	-0.0030052357575376764	0.0005428337404522591	-0.05732242	5.602405e-05	-0.001598127363654757	2.072249246505335e-06	0.04119617	4.258821e-05	0.0015277565760193148	1.5847274899429634e-06	0.02130706	2.718671e-05	0.0016522192487242267	1.1746277788629994e-06	0.08187097	0.01308419	0.0056870232230254525	0.000614010575598159	0.3973143	3.964607e-05	0.01635688381662681	1.94989748655959e-06	0.07056005	2.181535e-05	0.0	0.0
1846	-1	z8-10	nircam5	0.006465454	0.01284272	-0.0014170821890378811	0.0015748526380024177	0.04475409	0.008706507	0.007966626566646309	0.0018315431803924266	0.04201985	0.01978516	0.0013105593474874318	0.0005429717445979878	0.4012436	7.603818e-05	0.011889396514204446	2.072776478670241e-06	0.1937373	5.780249e-05	0.004857876803465266	1.5851303315741502e-06	0.1145935	3.689894e-05	0.0035352234689259078	1.1749266935518633e-06	0.1418747	0.01775841	0.005439617064917952	0.0006141668705874543	0.4296965	5.380931e-05	0.017270130159523178	1.9503936897123626e-06	0.09096993	2.96087e-05	0.0	0.0
2196	-1	z8-10	nircam5	-0.04823905	0.01527305	-0.0031498614626059712	0.001571645606459108	0.00258263	0.0103541	0.0015432266741873197	0.0018278128888450796	-0.06746598	0.02352926	-0.0008622934010050218	0.0005418658989949726	0.1577851	9.042745e-05	0.0032260410299489155	2.0685547635546633e-06	0.1569089	6.874089e-05	0.002977188526909638	1.5819021652078595e-06	-0.04320688	4.38816e-05	-0.00014666728373846812	1.1725338739570904e-06	0.1748606	0.02111897	0.004966118295051135	0.0006129161843787497	0.3733873	6.399205e-05	0.020370165341002267	1.9464213287043634e-06	0.4536622	3.521177e-05	0.0	0.0
2747	-1	z8-10	nircam5	-0.009834073	0.01198873	-0.0004577929932861484	0.0015736505796425698	0.01035522	0.008127554	0.0007344087647679294	0.001830145338233982	-0.01019135	0.01846952	0.0003881075314070336	0.0005425574732412039	0.206211	7.09819e-05	0.007673843585295426	2.0711945249891005e-06	0.1168306	5.395882e-05	0.004209715744249085	1.583920771763105e-06	0.09834662	3.444528e-05	0.002961180190012862	1.1740299494852722e-06	0.184149	0.01657754	0.0064488356725195435	0.0006136983119139089	0.07628979	5.023117e-05	0.004487218800320453	1.9489050802540445e-06	0.2266229	2.763982e-05	0.0	0.0
2863	-1	z8-10	nircam5	0.002923079	0.01275066	0.0005556132400460466	0.0015724473643449353	0.009209521	0.008644095	0.005511400074572743	0.0018287461067676989	0.1444259	0.01964333	0.004289562407035158	0.0005421426840452239	-0.07766286	7.54931e-05	-0.003221918331605771	2.0696112853758508e-06	-0.008658673	5.738813e-05	0.0005395811388606685	1.5827099183052036e-06	0.03476448	3.663442e-05	-0.0003837481796469998	1.1731326045851358e-06	0.1184704	0.01763111	0.003634478460367044	0.0006132291006516816	0.4225249	5.342357e-05	0.016944174958215902	1.947415102902818e-06	0.2009097	2.939645e-05	0.0	0.0
3383	-1	z8-10	nircam5	-0.01036148	0.01355674	-0.006069317608155013	0.0015740508801165905	-0.003992962	0.009190566	0.0005844937161624994	0.001830611153305098	0.08029519	0.02088516	0.002186257016080393	0.0005426954773869326	0.04908366	8.026569e-05	0.0008377310173948073	2.0717220143404285e-06	0.1068364	6.101616e-05	0.0005538510986079149	1.5843238721236628e-06	-0.02248427	3.895042e-05	-0.0025174727279475445	1.1743288641741358e-06	0.02982694	0.01874573	0.00266517087136809	0.0006138546069032042	0.2910191	5.680096e-05	0.013791862329483632	1.9494012834068172e-06	0.1406387	3.125487e-05	0.0	0.0
4166	-1	z8-10	nircam5	0.03213422	0.01106904	0.0034187858663162116	0.0015740508801165905	0.02374613	0.007504066	0.004305363771636238	0.001830611153305098	0.0458904	0.01705267	0.001143509860175875	0.0005426954773869326	-0.01346176	6.553667e-05	-0.0007336726195325988	2.0717220143404285e-06	0.0901932	4.981948e-05	0.0021196721984691022	1.5843238721236628e-06	0.06507075	3.180288e-05	0.0021714517878699533	1.1743288641741358e-06	-0.02226977	0.01530583	-9.374850808131132e-06	0.0006138546069032042	0.2456336	4.637779e-05	0.012930486485699994	1.9494012834068172e-06	0.1606007	2.551949e-05	0.0	0.0
4832	-1	z8-10	nircam5	0.01429187	0.008266224	0.0028467379779360427	0.0015740508801165905	-0.008937068	0.005603946	-0.0013223860711001033	0.001830611153305098	0.01791537	0.01273473	0.0005404581531407014	0.0005426954773869326	0.06982066	4.894199e-05	0.004263443612532031	2.0717220143404285e-06	0.08985098	3.720459e-05	0.002472480485095283	1.5843238721236628e-06	-0.0467152	2.375001e-05	-0.0025737594153192713	1.1743288641741358e-06	0.01894373	0.01143021	-0.00010216735888884315	0.0006138546069032042	0.4781201	3.463438e-05	0.01653327018752181	1.9494012834068172e-06	-0.03945806	1.905765e-05	0.0	0.0
5075	-1	z8-10	nircam5	-0.007176274	0.01052342	0.0030753477275488107	0.001571645606459108	-0.00285014	0.007134177	0.002501079604932495	0.0018278128888450796	0.03476224	0.01621211	0.0008754941577889412	0.0005418658989949726	-0.05616384	6.230625e-05	0.0014267725378910826	2.0685547635546633e-06	0.03348412	4.736379e-05	-8.254957227133183e-05	1.5819021652078595e-06	0.0285696	3.023527e-05	0.0018157949798071357	1.1725338739570904e-06	0.06001932	0.01455138	0.002026616109152408	0.0006129161843787497	0.2499293	4.409175e-05	0.013211434590565903	1.9464213287043634e-06	0.09311626	2.426159e-05	0.0	0.0
5213	-1	z8-10	nircam5	0.03731272	0.01631727	0.002146863504373429	0.0015724473643449353	-0.00894825	0.01106201	-0.007087996533741707	0.0018287461067676989	0.003620298	0.02513795	0.00041015997248743563	0.0005421426840452239	0.07193572	9.660996e-05	0.0026963758814915286	2.0696112853758508e-06	0.09598766	7.344069e-05	0.0020085463810995408	1.5827099183052036e-06	0.06269229	4.688178e-05	0.0015531336858259082	1.1731326045851358e-06	0.1193093	0.02256287	0.002823914373397726	0.0006132291006516816	0.4946149	6.836718e-05	0.007952053921992724	1.947415102902818e-06	0.6890291	3.76192e-05	0.0	0.0
5849	-1	z8-10	nircam5	0.04277281	0.01550273	0.0021407618144890788	0.0015736505796425698	0.01957118	0.01050981	0.004685192595879402	0.001830145338233982	0.3611977	0.0238831	0.008047467079145696	0.0005425574732412039	0.443407	9.178733e-05	0.010164159133692095	2.0711945249891005e-06	-0.0619364	6.977464e-05	-0.000885176309343079	1.5839205130337337e-06	0.1814414	4.454151e-05	0.005015545141545907	1.1740299494852722e-06	0.3518786	0.02143656	0.010514564311492496	0.0006136983119139089	0.4171586	6.495439e-05	0.012813425630272268	1.9489050802540445e-06	0.113769	3.57413e-05	0.0	0.0
7100	-1	z8-10	nircam5	-0.01005373	0.01311504	0.002997541347552162	0.0015720459069331282	0.01195867	0.008891118	0.0015229711613143446	0.0018282796962789376	0.05882794	0.02020468	0.0015786835371859233	0.0005420044209798973	0.1638742	7.765047e-05	0.0035993934149006115	2.0690830244652566e-06	0.1373367	5.902812e-05	0.0043013576875800255	1.5823060417565312e-06	0.1043713	3.768133e-05	0.00408454154619318	1.172833089062727e-06	-0.004009475	0.01813496	-0.0003799322361394317	0.0006130724793680452	0.3086745	5.495027e-05	0.010756949109674086	1.9469182158035904e-06	0.005533895	3.023652e-05	0.0	0.0
7373	-1	z8-10	nircam5	-0.0335213	0.01198873	-0.004177599378458337	0.0015756532389504595	-0.01538545	0.008127554	-0.0014496101501910315	0.00183247461206211	0.09785827	0.01846952	0.0017469067070351686	0.0005432480118090431	0.04884545	7.09819e-05	0.0035638142452942127	2.0738306858136312e-06	0.00125479	5.395882e-05	0.00011323526380708701	1.5859365322952658e-06	0.1419505	3.444528e-05	0.002325395556385681	1.1755242225128175e-06	0.07099439	0.01657754	0.001947726621173454	0.0006144791342717042	0.2458632	5.023117e-05	0.009596220161932725	1.951385412071454e-06	0.2216047	2.763982e-05	0.0	0.0
8745	-1	z8-10	nircam5	-0.0005531244	0.01702396	0.0026104554169252827	0.0015720459069331282	0.01490955	0.01154111	0.0001286984522640394	0.0018282796962789376	-0.02517088	0.02622667	0.00040625209899497326	0.0005420044209798973	0.09166714	0.0001007941	0.0013027546733840579	2.0690830244652566e-06	0.003819861	7.66214e-05	-0.001580543059820176	1.5823060417565312e-06	0.08124189	4.891222e-05	0.0013763747655054083	1.172833089062727e-06	0.1305289	0.02354007	0.002556429693022385	0.0006130724793680452	0.6801823	7.132815e-05	0.008138155752274542	1.9469182158035904e-06	0.5801146	3.924848e-05	0.0	0.0
8815	-1	z8-10	nircam5	0.0009845924	0.006139996	0.0007905143016463209	0.0015764538398985008	0.004523217	0.004162507	0.003332967367961299	0.001833405448314148	-0.02378609	0.009459116	-0.002496259120477377	0.0005435237611809023	0.03172772	3.63532e-05	0.0014527745995185667	2.0748841213977562e-06	-0.02697567	2.763488e-05	-0.002034746352159575	1.586742215557639e-06	-0.004340808	1.764107e-05	-0.0041847125148913615	1.1761214510569994e-06	0.04855848	0.008490145	0.0016260620706675221	0.0006147913979559543	0.1729962	2.572577e-05	0.013261749111494539	1.9523767924573176e-06	0.09071887	1.415567e-05	0.0	0.0
11414	-1	z8-10	nircam5	0.005037875	0.005534518	-0.0006243071152635724	0.0015740508801165905	0.001565458	0.003752033	0.00598072414034448	0.001830611153305098	0.009105148	0.008526333	0.0010582699036432118	0.0005426954773869326	0.03310188	3.276833e-05	0.0052728951747824625	2.0717220143404285e-06	0.04936344	2.490974e-05	0.003468888173391433	1.5843238721236628e-06	0.00687831	1.590144e-05	-0.0015038109596627722	1.1743288641741358e-06	0.01124554	0.007652913	-0.001541133200732681	0.0006138546069032042	0.09556887	2.31889e-05	0.00460597242322318	1.9494012834068172e-06	0.1350439	1.275975e-05	0.0	0.0
11561	-1	z8-10	nircam5	0.01516031	0.009081177	0.004902130510120168	0.001573249122230763	0.01449823	0.006156431	8.382867164620584e-05	0.0018296791262177694	0.00399867	0.01399022	0.0011331530762562767	0.0005424192101758772	-0.02857729	5.376711e-05	0.00042782009694209653	2.0706667784513507e-06	0.007113246	4.087253e-05	-0.00029337996113348256	1.5835171539438046e-06	-0.05181584	2.609149e-05	-0.0005600636848109543	1.173730734379636e-06	0.03092932	0.01255709	0.0011043360183313178	0.0006135416906302725	0.1679294	3.804893e-05	0.00882900322654636	1.9484085351280447e-06	0.2508536	2.093651e-05	0.0	0.0
12888	-1	z8-10	nircam5	-0.0001204101	0.02545508	-0.0026266456043051835	0.0015736505796425698	0.03587923	0.01725684	0.004119595451050921	0.001830145338233982	2.355578	0.03921543	0.04561233795226112	0.0005425574732412039	5.076152	0.0001507124	0.10987366576655479	2.0711945249891005e-06	4.654439	0.0001145681	0.10502459069915349	1.583920771763105e-06	4.240529	7.3136e-05	0.0953312845312227	1.1740299494852722e-06	3.664911	0.03519828	0.08936369946930679	0.0006136983119139089	3.570183	0.0001066534	0.08838434848154543	1.9489050802540445e-06	5.603798	5.868629e-05	0.0	0.0
13952	-1	z8-10	nircam5	-0.04582942	0.0224551	-0.006718787773186818	0.0015736505796425698	-0.0118761	0.01522306	0.002335202203148724	0.001830145338233982	0.02069492	0.03459374	0.003393609976130639	0.0005425574732412039	0.4274708	0.0001329504	0.004776491946270107	2.0711945249891005e-06	0.3053392	0.0001010658	0.0022259520147133436	1.583920771763105e-06	-0.08601268	6.451664e-05	0.002023930929955135	1.1740299494852722e-06	0.2441095	0.03105003	0.002615578047081999	0.0006136983119139089	0.6951026	9.408389e-05	0.015813560172868175	1.9489050802540445e-06	1.227656	5.176989e-05	0.0	0.0
