NUMBER	REDSHIFT	REDSHIFT_BIN	POINTING	SEX_FLUX_F606W	SEX_FLUXERR_F606W	EAZY_FLUX_F606W	EAZY_FLUXERR_F606W	SEX_FLUX_F814W	SEX_FLUXERR_F814W	EAZY_FLUX_F814W	EAZY_FLUXERR_F814W	SEX_FLUX_F115W	SEX_FLUXERR_F115W	EAZY_FLUX_F115W	EAZY_FLUXERR_F115W	SEX_FLUX_F150W	SEX_FLUXERR_F150W	EAZY_FLUX_F150W	EAZY_FLUXERR_F150W	SEX_FLUX_F200W	SEX_FLUXERR_F200W	EAZY_FLUX_F200W	EAZY_FLUXERR_F200W	SEX_FLUX_F277W	SEX_FLUXERR_F277W	EAZY_FLUX_F277W	EAZY_FLUXERR_F277W	SEX_FLUX_F356W	SEX_FLUXERR_F356W	EAZY_FLUX_F356W	EAZY_FLUXERR_F356W	SEX_FLUX_F410M	SEX_FLUXERR_F410M	EAZY_FLUX_F410M	EAZY_FLUXERR_F410M	SEX_FLUX_F444W	SEX_FLUXERR_F444W	EAZY_FLUX_F444W	EAZY_FLUXERR_F444W
837	-1	z10-15	nircam7	0.04389291	0.01250719	0.005425790632530851	0.00181378342960576	-0.002494526	0.007631383	0.004235779296164051	0.0018985385814706186	-0.05216531	0.01686609	-0.0009703105145728604	0.0005473876183417063	0.03386419	7.663534e-05	0.00058285361518523	2.4705456281447963e-06	0.06947319	5.437796e-05	0.0023798282035692345	1.763536393398034e-06	0.07710016	3.994682e-05	0.0024534581195141806	1.5042570785702722e-06	0.07768299	0.01505101	0.0006850957555312498	0.000615589187619477	-0.02875893	5.559409e-05	-0.004428672983811362	2.383068476054636e-06	0.6782722	3.308226e-05	0.0	0.0
2600	-1	z10-15	nircam7	0.05015289	0.01659266	0.0045246031994827665	0.00181378342960576	0.0288105	0.01012417	0.0016234546370130346	0.0018985385814706186	-0.2479942	0.0223754	-0.004704571684673348	0.0005473876183417063	-0.06115314	0.0001016683	-0.0010443659049562055	2.4705456281447963e-06	-0.1377291	7.214052e-05	-0.0031718927280227536	1.763536393398034e-06	0.079661	5.299544e-05	0.0008522412271294086	1.5042570785702722e-06	0.1119969	0.01996743	0.0011072716885164769	0.000615589187619477	0.3526613	7.37539e-05	0.00996805107167863	2.383068476054636e-06	0.292372	4.388857e-05	0.0	0.0
2739	-1	z10-15	nircam7	-0.006230187	0.01777606	0.0011150772318196385	0.00181378342960576	-0.002624625	0.01084623	0.00019581194450853478	0.0018985385814706186	0.04688042	0.02397122	0.00021766731071607955	0.0005473876183417063	0.06132731	0.0001089193	0.0008539399344489763	2.4705456281447963e-06	-0.07728781	7.728561e-05	-0.001089085066571219	1.763536393398034e-06	0.08954214	5.677509e-05	0.004334569413630907	1.5042570785702722e-06	0.1050713	0.02139151	0.0039263454853668165	0.000615589187619477	0.5424356	7.901405e-05	0.017598003830635447	2.383068476054636e-06	0.165711	4.701872e-05	0.0	0.0
2903	-1	z10-15	nircam7	0.0521453	0.01212617	0.012650293266126806	0.00181378342960576	0.01963575	0.007398901	0.00309336535334553	0.0018985385814706186	-0.1852625	0.01635228	-0.007764700986180874	0.0005473876183417063	-0.004530272	7.430072e-05	0.00027286579211691	2.4705456281447963e-06	0.03948828	5.272139e-05	0.0011740893078802637	1.763536393398034e-06	0.01568539	3.872988e-05	0.0008113863485391359	1.5042570785702722e-06	0.1143897	0.0145925	0.004339313392051588	0.000615589187619477	0.1459875	5.390048e-05	0.006691783407256817	2.383068476054636e-06	0.1181898	3.207444e-05	0.0	0.0
4009	-1	z10-15	nircam7	-0.007978508	0.01403929	-0.0011036472649610036	0.0018133218114290718	0.016265	0.008566206	0.0031387838113234403	0.0018980553008152428	-0.01156059	0.01893214	-0.0001650552626758787	0.0005472483195979877	0.02331116	8.602296e-05	0.00031964954538004183	2.4699162929703928e-06	0.02284502	6.103911e-05	-0.00014774334545630436	1.7630872392093763e-06	0.1511479	4.484019e-05	0.005241122087851361	1.5038743476018175e-06	0.07034983	0.01689472	0.002119902356040954	0.0006154325663358407	0.2062763	6.240421e-05	0.006176457111614998	2.3824614735762263e-06	0.0845526	3.713474e-05	0.0	0.0
5136	-1	z10-15	nircam7	0.01455345	0.01381464	0.0022849139487724083	0.00181378342960576	0.01656839	0.008429138	0.0016002301732884105	0.0018985385814706186	-0.2360435	0.0186292	-0.00964530911306529	0.0005473876183417063	0.001571266	8.46465e-05	5.577869405742158e-05	2.4705456281447963e-06	0.001945682	6.006242e-05	6.565048227127345e-05	1.763536393398034e-06	0.08174848	4.41227e-05	0.003398846270778635	1.5042570785702722e-06	0.07901176	0.01662439	0.003243675075671544	0.000615589187619477	0.6901169	6.140568e-05	0.025726963922828628	2.383068476054636e-06	0.006965706	3.654055e-05	0.0	0.0
6181	-1	z10-15	nircam7	0.03612093	0.02306212	0.000930031511770628	0.00181378342960576	0.0229777	0.01407158	0.006510719279439359	0.0018985385814706186	0.1359106	0.03109953	0.0013762550170854215	0.0005473876183417063	0.3537837	0.0001413086	0.008293534268876595	2.4705456281447963e-06	0.3635597	0.000100268	0.006659173972423211	1.763536393398034e-06	0.3853631	7.365829e-05	0.009034800114689996	1.5042570785702722e-06	0.2179626	0.0277527	0.005917876469218634	0.000615589187619477	0.3795763	0.0001025104	0.010621650822035906	2.383068476054636e-06	0.2246089	6.100067e-05	0.0	0.0
6382	-1	z10-15	nircam7	-0.08045691	0.01500863	-0.008125503799660462	0.001811011406670056	-0.007131152	0.009157659	-0.0027273879282558307	0.001895636515867782	0.03370858	0.02023931	0.0005335240273869325	0.0005465510491206008	-0.07428428	9.196241e-05	-0.00247177575080077	2.4667688455391147e-06	0.1372634	6.525355e-05	0.0029837499037669857	1.7608404333486032e-06	0.1273716	4.793618e-05	0.0036998398437095435	1.5019576885918175e-06	0.1209132	0.01806122	0.0041218251620620434	0.0006146481547402951	0.1544793	6.671291e-05	0.006785388319025906	2.3794254352644992e-06	0.4470194	3.969871e-05	0.0	0.0
6647	-1	z10-15	nircam7	0.002682918	0.02653176	-0.004189674338132771	0.00181378342960576	0.01382097	0.01618861	0.005931751039024564	0.0018985385814706186	-0.1539507	0.03577838	-0.0016978181404522547	0.0005473876183417063	-0.1318251	0.0001625681	0.0008699559616867158	2.4705456281447963e-06	0.3640477	0.0001153531	0.007815815865146722	1.763536393398034e-06	0.5080972	8.473999e-05	0.008484127157777722	1.5042570785702722e-06	0.4342939	0.03192803	0.008340905615375451	0.000615589187619477	0.1589931	0.0001179329	0.014535295026913175	2.383068476054636e-06	0.3883597	7.017807e-05	0.0	0.0
6657	-1	z10-15	nircam7	0.03808829	0.01977561	0.00545077470402356	0.0018128601932523832	0.02885427	0.01206628	0.007811913245710545	0.0018975716232147702	0.007829011	0.02666763	0.0016635058564070284	0.0005471090208542692	0.1612042	0.0001211711	0.005475262310858761	2.4692872149824128e-06	0.3790364	8.597911e-05	0.010133024575157069	1.762638085020719e-06	0.2838085	6.316146e-05	0.008138071068937722	1.5034910157998174e-06	0.2530648	0.02379774	0.008079106613890453	0.0006152759450522042	0.2856295	8.790198e-05	0.010522290500851815	2.3818548130710444e-06	0.2653788	5.230764e-05	0.0	0.0
7326	-1	z10-15	nircam7	0.002405875	0.01016089	0.0018523626770239523	0.00181378342960576	0.01523982	0.006199765	0.000561470305129413	0.0018985385814706186	-0.04315076	0.01370207	-0.0021629058342964736	0.0005473876183417063	0.01274917	6.225884e-05	0.0012711791248074607	2.4705456281447963e-06	-0.005698872	4.417686e-05	0.00025334063361893343	1.763536393398034e-06	0.07104461	3.245295e-05	0.0015681431086249085	1.5042570785702722e-06	0.02582547	0.0122275	0.000691555730892568	0.000615589187619477	0.159873	4.516486e-05	0.01038642453765636	2.383068476054636e-06	0.1880362	2.687615e-05	0.0	0.0
7447	-1	z10-15	nircam7	0.01853052	0.02008953	0.00042673094913370636	0.0018133218114290718	0.03005063	0.01225782	0.006330375213602058	0.0018980553008152428	0.2485691	0.02709095	0.004380013379396967	0.0005472483195979877	0.0878911	0.0001230946	0.002345547111811046	2.4699162929703928e-06	0.4405002	8.734394e-05	0.008717813723297267	1.7630872392093763e-06	0.2249734	6.416409e-05	0.007238905643158633	1.5038743476018175e-06	0.2446149	0.02417551	0.006998250083742269	0.0006154325663358407	0.09285113	8.929734e-05	0.006857308708453634	2.3824614735762263e-06	0.1111447	5.313797e-05	0.0	0.0
8564	-1	z10-15	nircam7	-0.01413199	0.0106127	-0.001777492605128646	0.0018160915204892033	-0.01816206	0.006475443	-0.0022733422792606144	0.0019009537939122074	0.01032579	0.01431135	0.00084610704233668	0.0005480841120602993	0.0132018	6.502724e-05	-0.00011502348952286282	2.4736884462204805e-06	0.08626653	4.614123e-05	0.0032558555836121298	1.7657795770476084e-06	0.02435146	3.3896e-05	0.0025940492637324996	1.5061707334125445e-06	0.04335664	0.01277121	0.0010533026045301131	0.0006163722940376588	0.1587617	4.717315e-05	0.004886226322437725	2.386100068714408e-06	0.1317719	2.807123e-05	0.0	0.0
9387	-1	z10-15	nircam7	-0.01506724	0.024889	0.0005359001771072061	0.001811474181784531	0.04112818	0.01518626	0.005165107156834242	0.0018961205904133515	0.2436941	0.03356309	0.004479516180904505	0.0005466906067839173	0.06381945	0.0001525024	0.0028131153702586295	2.467398695086361e-06	0.3826604	0.0001082108	0.00870790180108098	1.7612901049960032e-06	0.2213615	7.949316e-05	0.006218924608059543	1.5023413208105904e-06	0.2577486	0.02995114	0.006508410493282724	0.0006148051023182725	0.1350545	0.0001106309	0.005914030276738179	2.3800331216893623e-06	0.6426627	6.583286e-05	0.0	0.0
10442	-1	z10-15	nircam7	0.002680593	0.01447812	0.0038711496976531205	0.0018179345223825994	0.005770343	0.008833964	0.0016393993261345672	0.0019028837409729364	0.03815136	0.01952391	0.00026539258793969745	0.0005486405302763798	0.009395508	8.871181e-05	0.0004139898971041313	2.4761998716303875e-06	0.1127804	6.294705e-05	0.002654842777736426	1.7675723128616686e-06	0.09592862	4.624178e-05	0.0040769830601913625	1.5076998547857267e-06	0.07370137	0.01742281	0.0039908342989040885	0.0006169981265835224	0.08310375	6.435482e-05	0.005496036401042725	2.388522607056408e-06	0.1216195	3.829548e-05	0.0	0.0
12450	-1	z10-15	nircam7	-0.002449261	0.01552102	-0.0028093619458154848	0.0018119357999612196	0.005848186	0.009470298	-0.00044312628479939887	0.001896604466486373	0.006910686	0.02093027	0.0012055917889447188	0.0005468299055276359	-0.1778207	9.510195e-05	-0.004660323411359637	2.4680285446336074e-06	0.02025278	6.748128e-05	0.000933046676358985	1.7617395179140323e-06	0.0002072186	4.95727e-05	0.0016937341429641812	1.5027246526125902e-06	0.06995129	0.01867782	0.0011920775454847949	0.0006149620498962497	0.2662433	6.899046e-05	0.010160732466853178	2.3806404661409994e-06	0.2900218	4.1054e-05	0.0	0.0
15129	-1	z10-15	nircam7	0.08665495	0.02173518	0.008786167337773626	0.001814246204720235	0.07070799	0.01326193	0.010876250004125777	0.0018990220605985429	0.1926095	0.02931014	0.004322957856783902	0.0005475269170854251	0.1662376	0.000133178	0.004434660329187143	2.4711744489463546e-06	0.6376934	9.449882e-05	0.0142609714888858	1.7639852888573201e-06	0.3776557	6.942017e-05	0.010046766030292724	1.5046401099554992e-06	0.2813551	0.02615588	0.008475945791304089	0.0006157461351974544	0.3041814	9.661224e-05	0.012160263605645904	2.3836751365598174e-06	0.2837809	5.749083e-05	0.0	0.0
15421	-1	z10-15	nircam7	-0.03036899	0.01640303	-0.002295919897932405	0.0018105486315555814	0.01634319	0.01000847	0.0023637961431980056	0.0018951522428496644	0.009304774	0.02211967	0.0012092340109296435	0.0005464112325376862	-0.2037814	0.0001005063	-0.005527532879246824	2.466138738805446e-06	0.02711754	7.131603e-05	0.0006790592969304967	1.7603907617012026e-06	0.0928385	5.238976e-05	0.0038637262057354526	1.5015740563730448e-06	0.1177706	0.01973922	0.003795671127719544	0.0006144912071623179	0.6642465	7.291097e-05	0.026843841643636807	2.3788177488396354e-06	0.1704526	4.338697e-05	0.0	0.0
15689	-1	z10-15	nircam7	0.004418276	0.01263164	0.0004609717955474759	0.0018128601932523832	-0.001336369	0.007707319	0.000737328097482477	0.0018975716232147702	-0.01724665	0.01703391	-0.0009341132958542676	0.0005471090208542692	0.04447134	7.73979e-05	0.001485976337840872	2.4692872149824128e-06	0.06029253	5.491905e-05	0.003204290819902766	1.762638085020719e-06	0.08029646	4.034431e-05	0.003356526560004544	1.5034910157998174e-06	0.01291726	0.01520078	0.0010399447668019768	0.0006152759450522042	0.264006	5.614728e-05	0.009320634197270451	2.3818548130710444e-06	0.01097482	3.341144e-05	0.0	0.0
15859	-1	z10-15	nircam7	-0.03220329	0.01621117	-0.0025014302277061636	0.00181378342960576	0.0008256632	0.009891403	0.0015727405344984763	0.0018985385814706186	-0.109659	0.02186095	-0.0024199961653266237	0.0005473876183417063	-0.01278205	9.933075e-05	0.0004904282735586484	2.4705456281447963e-06	0.1047722	7.04819e-05	0.003362534878005729	1.763536393398034e-06	0.2795986	5.177699e-05	0.0075845411485168145	1.5042570785702722e-06	0.0558637	0.01950835	0.0030591559521817944	0.000615589187619477	0.499603	7.205818e-05	0.020062977630407722	2.383068476054636e-06	1.02262	4.287951e-05	0.0	0.0
