NUMBER	REDSHIFT	REDSHIFT_BIN	POINTING	SEX_FLUX_F606W	SEX_FLUXERR_F606W	EAZY_FLUX_F606W	EAZY_FLUXERR_F606W	SEX_FLUX_F814W	SEX_FLUXERR_F814W	EAZY_FLUX_F814W	EAZY_FLUXERR_F814W	SEX_FLUX_F115W	SEX_FLUXERR_F115W	EAZY_FLUX_F115W	EAZY_FLUXERR_F115W	SEX_FLUX_F150W	SEX_FLUXERR_F150W	EAZY_FLUX_F150W	EAZY_FLUXERR_F150W	SEX_FLUX_F200W	SEX_FLUXERR_F200W	EAZY_FLUX_F200W	EAZY_FLUXERR_F200W	SEX_FLUX_F277W	SEX_FLUXERR_F277W	EAZY_FLUX_F277W	EAZY_FLUXERR_F277W	SEX_FLUX_F356W	SEX_FLUXERR_F356W	EAZY_FLUX_F356W	EAZY_FLUXERR_F356W	SEX_FLUX_F410M	SEX_FLUXERR_F410M	EAZY_FLUX_F410M	EAZY_FLUXERR_F410M	SEX_FLUX_F444W	SEX_FLUXERR_F444W	EAZY_FLUX_F444W	EAZY_FLUXERR_F444W
969	-1	z8-10	nircam9	-0.04906869	0.02610048	-0.009292328776168231	0.0019161573834920904	-0.02080521	0.01554633	0.0013055970797576394	0.001957947766330974	0.03785538	0.02846497	0.0010227841959798954	0.0004676797379396966	0.5256788	0.0001226115	0.004506677671049106	2.0010222385178874e-06	0.4719185	0.0001208528	0.004857744851485879	1.9841538934277325e-06	4.797438e-05	6.850134e-05	-1.1412220345692723e-06	1.3058585372766813e-06	1.549837	0.03047499	0.043540031632793165	0.0006309951749254997	-0.002137274	0.0001049051	-2.9924846015018173e-05	2.276468923622408e-06	-0.0009597397	4.904249e-05	0.0	0.0
1431	-1	z8-10	nircam9	0.2321846	0.02643298	0.010572179632759754	0.0019156703126841058	0.04304926	0.01574438	0.008917687171367285	0.0019574490048168227	0.4736606	0.02882759	0.008981747378140668	0.00046756063492462124	1.065514	0.0001241734	0.020805280774264714	2.000512495029671e-06	0.6611996	0.0001223924	0.011479452223644401	1.983648336236122e-06	0.4356012	6.937401e-05	0.010034139513334997	1.305525975909272e-06	0.3411095	0.03086322	0.00927676999219727	0.0006308343118154316	0.3885327	0.0001062416	0.013622640297699997	2.275888937028954e-06	0.3352973	4.966726e-05	0.0	0.0
2030	-1	z8-10	nircam9	0.05876588	0.02400895	0.0038290614579294226	0.0019171338389836325	-0.02230539	0.01430054	-0.002958102342153845	0.001958944892414181	0.4361102	0.02618396	0.011158588006281361	0.00046791794396984737	0.9955512	0.0001127861	0.02074749098526256	2.002041211121477e-06	0.6533205	0.0001111684	0.014278215801486046	1.985164490352212e-06	0.5693663	6.301208e-05	0.01603147971399863	1.3065236600114993e-06	0.4021498	0.02803291	0.011995239086386814	0.0006313162485569544	0.6700647	9.649869e-05	0.01686458752903272	2.2776282128628626e-06	0.9030136	4.511253e-05	0.0	0.0
5926	-1	z8-10	nircam9	0.01386062	0.01783002	0.0017542543527552933	0.0019166456112378616	0.03020443	0.01062016	0.005415079362104381	0.001958446527845126	0.09963837	0.01944528	0.0022060366609296393	0.0004677988409547721	0.197981	8.375957e-05	0.003682968714563005	2.001531982006104e-06	0.1435173	8.255819e-05	0.0033311949892545246	1.9846591918899726e-06	0.1072005	4.679533e-05	0.00253558906101009	1.3061910986440904e-06	0.1666411	0.02081838	0.00496850024373977	0.000631155711741227	0.2574614	7.166385e-05	0.00815100710615545	2.2770485682426355e-06	0.358684	3.35024e-05	0.0	0.0
6039	-1	z8-10	nircam9	-0.05973421	0.02349415	-0.0032962939212658753	0.0019166456112378616	0.006491922	0.01399391	0.004845576277523212	0.001958446527845126	0.1439817	0.02562253	0.0027950784874371747	0.0004677988409547721	0.1688232	0.0001103678	0.007013957235834655	2.001531982006104e-06	0.1823269	0.0001087847	0.004496773394464344	1.9846591918899726e-06	0.2639038	6.166097e-05	0.005830909308572725	1.3061910986440904e-06	0.341952	0.02743183	0.007965813955783406	0.000631155711741227	0.7438648	9.442957e-05	0.01212739313904045	2.2770485682426355e-06	0.1101668	4.414523e-05	0.0	0.0
6158	-1	z8-10	nircam9	0.001313209	0.009712097	0.002152179633500959	0.0019137162447632357	-0.008272437	0.005784854	-0.0035884074919401046	0.001955452569452377	-0.01393404	0.01059193	0.0007208914533919568	0.00046708370502512376	-0.07124532	4.562424e-05	-0.005628234222743901	1.9984722351446954e-06	-0.01788192	4.496984e-05	-0.0002731902733698276	1.981625331281563e-06	0.05773889	2.548964e-05	0.001484632352891863	1.3041942283557722e-06	0.006943192	0.01133987	0.002271539819914272	0.0006301908593751588	0.1302285	3.903564e-05	0.006426644724687725	2.273567622762226e-06	0.1348457	1.824892e-05	0.0	0.0
6359	-1	z8-10	nircam9	0.02115988	0.01347823	0.0005238323904470467	0.0019166456112378616	0.003128763	0.008028089	0.0017490827983422071	0.001958446527845126	0.03765368	0.01469925	0.0008998470994974839	0.0004677988409547721	0.0401324	6.331628e-05	0.00019219289266300405	2.001531982006104e-06	0.1050519	6.240812e-05	0.0035226185019389664	1.9846591918899726e-06	0.04330602	3.537394e-05	0.0027228920092197714	1.3061910986440904e-06	0.05250277	0.01573722	0.0016771036418272492	0.000631155711741227	0.05321989	5.417278e-05	0.0039057651417209074	2.2770485682426355e-06	0.2209766	2.532543e-05	0.0	0.0
6618	-1	z8-10	nircam9	0.04361695	0.01563796	0.006813227447735478	0.0019161573834920904	0.03715454	0.0093145	0.005496022421522014	0.001957947766330974	0.02063576	0.01705464	0.0007844878028894442	0.0004676797379396966	0.1693029	7.3462e-05	0.006395035539654984	2.0010222385178874e-06	0.136117	7.240832e-05	0.0033785140039800906	1.9841538934277325e-06	0.09698328	4.104222e-05	0.0023568660158294987	1.3058585372766813e-06	0.1204096	0.01825893	0.005622384314091362	0.0006309951749254997	0.2100069	6.285336e-05	0.007586111791220451	2.276468923622408e-06	0.09426276	2.938355e-05	0.0	0.0
6737	-1	z8-10	nircam9	-0.0688457	0.01321649	-0.004531270631944562	0.0019146927002547777	0.005606528	0.007872189	0.0016102349759811582	0.0019564510848434223	0.02781462	0.0144138	0.0005304887129396965	0.00046732216997487255	-0.05332408	6.208672e-05	-0.0004969320037957933	1.999492493680394e-06	0.05672609	6.11962e-05	0.0014664366800927024	1.9826372218528996e-06	0.05798054	3.4687e-05	0.0010228668386179085	1.3048602523409085e-06	0.01388737	0.01543161	0.0015766483819745901	0.0006305125855952952	0.4672885	5.312078e-05	0.014495656910139995	2.2747286218688173e-06	0.1421873	2.483363e-05	0.0	0.0
7553	-1	z8-10	nircam9	-0.04240957	0.02139276	-0.003013981433493879	0.0019156703126841058	0.01750829	0.01274225	0.0006788102528370261	0.0019574490048168227	-0.09624749	0.02333077	-0.002419805341582905	0.00046756063492462124	-0.005677097	0.0001004961	3.837373154818157e-06	2.000512495029671e-06	0.2439634	9.905471e-05	0.004207164672647609	1.983648336236122e-06	0.03206606	5.614582e-05	0.002777813602776226	1.305525975909272e-06	0.05204339	0.02497824	0.001114771890236613	0.0006308343118154316	0.299606	8.59835e-05	0.009477073269818635	2.275888937028954e-06	0.5150934	4.019674e-05	0.0	0.0
7724	-1	z8-10	nircam9	0.05273733	0.01196804	0.007911215782902903	0.0019146927002547777	0.001706735	0.00712857	0.0030392260115905292	0.0019564510848434223	0.04733796	0.01305225	0.00040797236080401843	0.00046732216997487255	-0.1364544	5.622192e-05	-0.0026311019676119266	1.999492493680394e-06	-0.03194018	5.541552e-05	-0.0013468721455473023	1.9826372218528996e-06	0.001486467	3.141042e-05	-0.0009370275524794541	1.3048602523409085e-06	0.06043888	0.01397392	0.0031975827370747255	0.0006305125855952952	0.2294248	4.810291e-05	0.010099146508353633	2.2747286218688173e-06	0.2822584	2.248781e-05	0.0	0.0
7836	-1	z8-10	nircam9	-0.003850679	0.01682185	-0.001370070022096172	0.0019156703126841058	-0.00990111	0.01001966	-0.0017297626865898834	0.0019574490048168227	0.03257521	0.01834577	0.001950204679145721	0.00046756063492462124	0.3149291	7.902349e-05	0.007613654246976895	2.000512495029671e-06	-0.02811449	7.789004e-05	-0.0007356004613683387	1.983648336236122e-06	0.1893876	4.414935e-05	0.005756045448809088	1.305525975909272e-06	0.1398031	0.01964123	0.00531626475228068	0.0006308343118154316	0.2392436	6.761172e-05	0.007980314589494542	2.275888937028954e-06	0.09342529	3.160805e-05	0.0	0.0
8831	-1	z8-10	nircam9	-0.01929045	0.01182119	-0.001812889116697038	0.0019210327193230827	0.01269301	0.0070411	0.002191210369278012	0.001962928633405846	0.09602192	0.01289209	0.00677380273869344	0.0004688694734924605	-0.2137259	5.553205e-05	-0.0018549773857203494	2.0061124721802402e-06	0.174463	5.473554e-05	0.006481639052392653	1.9892011860039605e-06	0.1531692	3.1025e-05	0.005125891226336361	1.3091805459494993e-06	0.0257933	0.01380245	-7.915571153170223e-05	0.0006326002167884316	0.1698471	4.751267e-05	0.008133282633785906	2.2822598982530445e-06	0.1969364	2.221187e-05	0.0	0.0
8948	-1	z8-10	nircam9	0.02652306	0.01040667	0.002734465264351096	0.0019161573834920904	-0.008290778	0.006198568	-0.004113504328540249	0.001957947766330974	0.06638573	0.01134944	0.0040189163404522445	0.0004676797379396966	0.1566122	4.888713e-05	0.008061192055327215	2.0010222385178874e-06	0.1091017	4.818594e-05	0.0049171077184476265	1.9841538934277325e-06	0.03524879	2.731258e-05	0.0042702471784222705	1.3058585372766813e-06	0.06478198	0.01215086	0.002386418594812476	0.0006309951749254997	0.09600965	4.182734e-05	0.005376807435354089	2.276468923622408e-06	0.02983448	1.955402e-05	0.0	0.0
10624	-1	z8-10	nircam9	0.06709625	0.02030356	0.005680732286157235	0.0019146927002547777	-0.009565964	0.01209349	-0.0029133606755660088	0.0019564510848434223	-0.009665583	0.0221429	0.0004390776667085409	0.00046732216997487255	0.09752364	9.537943e-05	0.0034282615697647286	1.999492493680394e-06	-0.08674356	9.401138e-05	-0.00012237974296208442	1.9826372218528996e-06	0.1200954	5.328719e-05	0.004504115627654998	1.3048602523409085e-06	-0.03336918	0.02370649	-0.0010235383610467269	0.0006305125855952952	0.8226585	8.160569e-05	0.023008950453268173	2.2747286218688173e-06	0.7339446	3.815015e-05	0.0	0.0
10657	-1	z8-10	nircam9	0.04573329	0.02616732	0.004139202927210362	0.0019161573834920904	0.02061784	0.01558614	0.0030297906266391673	0.001957947766330974	0.359621	0.02853786	0.007988876163316552	0.0004676797379396966	0.6291617	0.0001229254	0.013237626890709824	2.0010222385178874e-06	0.5785466	0.0001211623	0.01176407005588786	1.9841538934277325e-06	0.4075954	6.867677e-05	0.01096036648200136	1.3058585372766813e-06	0.4293703	0.03055303	0.01005333420884386	0.0006309951749254997	0.7019283	0.0001051738	0.017217876650395904	2.276468923622408e-06	0.3674408	4.916808e-05	0.0	0.0
12578	-1	z8-10	nircam9	-0.01374516	0.01267681	-0.0019424071449228877	0.0019146927002547777	0.01715167	0.007550738	0.003571817171618598	0.0019564510848434223	0.02945114	0.01382523	0.00045994347927135495	0.00046732216997487255	-0.04877758	5.955149e-05	-0.0015290699803225043	1.999492493680394e-06	0.1678896	5.869733e-05	0.005949466370351119	1.9826372218528996e-06	0.1004893	3.327061e-05	0.003838434117639544	1.3048602523409085e-06	0.01306995	0.01480148	-0.00020111592199292038	0.0006305125855952952	0.2432437	5.095166e-05	0.010266354317828633	2.2747286218688173e-06	0.07021864	2.381958e-05	0.0	0.0
12703	-1	z8-10	nircam9	0.04671312	0.01942419	0.004500693923193425	0.0019166456112378616	0.0004108165	0.01156971	-0.001904515185320858	0.001958446527845126	0.08700689	0.02118387	0.0024817210439698396	0.0004677988409547721	-0.03563542	9.124848e-05	0.00022121501728699738	2.001531982006104e-06	0.2763093	8.993968e-05	0.006068419786121399	1.9846591918899726e-06	0.1235422	5.097928e-05	0.0035473182481959077	1.3061910986440904e-06	0.1820945	0.02267974	0.006006161929038407	0.000631155711741227	0.3057857	7.807129e-05	0.010877357882996815	2.2770485682426355e-06	0.1828287	3.649784e-05	0.0	0.0
15085	-1	z8-10	nircam9	-0.1970842	0.0474691	-2.3441375940473215e-05	0.0019176220667294032	0.08421319	0.0282742	0.0005320138033847462	0.0019594432569832363	0.9295664	0.05176942	0.004831105692211036	0.0004680370469849227	1.857848	0.0002229942	0.014609073485520608	2.0025506974232716e-06	2.27064	0.0002197958	0.013386080706971231	1.9856695300850808e-06	1.454519	0.0001245838	0.008632698272729996	1.3068559209621357e-06	1.553698	0.05542505	0.011933709762521586	0.0006314771116670225	1.958949	0.0001907916	0.01665167499773272	2.27820785748309e-06	2.259786	8.919388e-05	0.0	0.0
15657	-1	z8-10	nircam9	0.02924496	0.01840844	0.000528506766184578	0.0019156703126841058	-0.02109549	0.01096469	-0.004869565654449404	0.0019574490048168227	-0.08992137	0.0200761	-0.0023086449440954684	0.00046756063492462124	0.1337129	8.647679e-05	0.001761787686047865	2.000512495029671e-06	0.05490387	8.523644e-05	-0.00047910444195527446	1.983648336236122e-06	0.02417655	4.831341e-05	0.0013027324003396813	1.305525975909272e-06	0.02842603	0.02149375	0.0015922246949265676	0.0006308343118154316	0.1062185	7.398869e-05	0.011515144791324995	2.275888937028954e-06	0.1884034	3.458925e-05	0.0	0.0
