NUMBER	REDSHIFT	REDSHIFT_BIN	POINTING	SEX_FLUX_F606W	SEX_FLUXERR_F606W	EAZY_FLUX_F606W	EAZY_FLUXERR_F606W	SEX_FLUX_F814W	SEX_FLUXERR_F814W	EAZY_FLUX_F814W	EAZY_FLUXERR_F814W	SEX_FLUX_F115W	SEX_FLUXERR_F115W	EAZY_FLUX_F115W	EAZY_FLUXERR_F115W	SEX_FLUX_F150W	SEX_FLUXERR_F150W	EAZY_FLUX_F150W	EAZY_FLUXERR_F150W	SEX_FLUX_F200W	SEX_FLUXERR_F200W	EAZY_FLUX_F200W	EAZY_FLUXERR_F200W	SEX_FLUX_F277W	SEX_FLUXERR_F277W	EAZY_FLUX_F277W	EAZY_FLUXERR_F277W	SEX_FLUX_F356W	SEX_FLUXERR_F356W	EAZY_FLUX_F356W	EAZY_FLUXERR_F356W	SEX_FLUX_F410M	SEX_FLUXERR_F410M	EAZY_FLUX_F410M	EAZY_FLUXERR_F410M	SEX_FLUX_F444W	SEX_FLUXERR_F444W	EAZY_FLUX_F444W	EAZY_FLUXERR_F444W
231	-1	z10-15	nircam3	0.02161567	0.01282083	0.003486716625369969	0.001668395685766783	-0.004730982	0.009249451	0.003544499410055586	0.002064854806058921	-0.01316641	0.02047721	0.00038495403969463556	0.0005968596775671293	0.1553466	0.02451072	0.005204853250006319	0.0007096439285831363	0.2190873	0.02101402	0.007088534330306236	0.0006120563255297411	0.1453872	0.01748905	0.005239671752592826	0.0005908244203143635	0.1245302	0.01852476	0.0037289546815928074	0.0006797205252511455	0.3091277	0.0404381	0.005224941902797004	0.001555073988113373	0.07816976	0.03274702	0.0	0.0
524	-1	z10-15	nircam3	-0.01658235	0.01933436	0.00015603423242880606	0.0016700963843124781	0.04003422	0.01394857	0.005423034141844612	0.002066958615072056	0.1184077	0.03088052	-0.00040282874661686353	0.0005974681297091658	0.1815606	0.03696321	0.0010941398066282987	0.000710367227415549	0.4056402	0.03169005	0.006580645491159805	0.0006126801263493233	0.1700313	0.02637423	0.003819839058317225	0.0005914266106645645	0.2418665	0.02793613	0.005494518546800642	0.0006804134072726487	0.2957825	0.06098239	0.009745766652566433	0.0015566589936106031	0.2342498	0.04938392	0.0	0.0
1065	-1	z10-15	nircam3	-0.02043115	0.01827702	-0.0032661950278204343	0.0016700963843124781	0.06272006	0.01318577	0.002639762298133267	0.002066958615072056	0.1800409	0.02919176	0.002624898301561155	0.0005974681297091658	0.1754016	0.03494181	0.002522925529850511	0.000710367227415549	0.2879559	0.02995702	0.008617542902916964	0.0006126801263493233	0.1227883	0.02493191	0.003062725103906442	0.0005914266106645645	0.3504526	0.0264084	0.010537626413885733	0.0006804134072726487	1.118098	0.05764746	0.028224927270501587	0.0015566589936106031	0.3302815	0.04668327	0.0	0.0
1531	-1	z10-15	nircam3	0.03819477	0.01312735	0.0037104799625963985	0.001668395685766783	-0.009402061	0.009470584	0.0002482764558165314	0.002064854806058921	0.005132991	0.02096678	0.0007386702293407498	0.0005968596775671293	0.06290804	0.02509671	0.0012219642136325375	0.0007096439285831363	0.1546395	0.02151642	0.005158221665476512	0.0006120563255297411	0.04868317	0.01790717	0.001444678978021598	0.0005908244203143635	0.1000003	0.01896765	0.003537730334989692	0.0006797205252511455	0.2947486	0.04140488	0.013560915227507736	0.001555073988113373	0.09880341	0.03352993	0.0	0.0
1748	-1	z10-15	nircam3	0.01208994	0.0120754	0.00011635647258262932	0.0016688214388720997	0.03196626	0.00871167	0.005654274507995912	0.0020653807583122046	0.1423137	0.01928663	0.001349145967108545	0.0005970117906026383	0.1855399	0.02308562	0.0036962989912446686	0.0007098246245903796	0.1879618	0.01979223	0.007572747740256159	0.0006122122109981465	0.109152	0.0164722	0.003953384154234114	0.0005909751931601495	0.1289962	0.0174477	0.002748015115040539	0.0006798937457565212	0.1060846	0.03808695	0.0003966004447589682	0.0015554702394876805	0.05066354	0.03084305	0.0	0.0
3571	-1	z10-15	nircam3	-0.006128007	0.0173085	0.000586013747172347	0.0016692460350396304	-0.007195221	0.01248703	0.00023069932998433565	0.0020659067105654886	0.02658107	0.02764485	0.0006209344807203473	0.0005971639036381474	0.246189	0.0330902	0.004516028229915837	0.0007100055779993427	0.2647005	0.02836956	0.006215503202367391	0.0006123683554125125	0.1831656	0.02361073	0.005101558419655211	0.0005911256656616213	0.231012	0.02500898	0.007840315648358518	0.0006800669662618971	0.3870458	0.05459264	0.014147435639632088	0.0015558668327527339	0.2362876	0.04420946	0.0	0.0
5264	-1	z10-15	nircam3	-0.01244614	0.0169994	-0.00042830866519272964	0.0016705209804800084	-0.002388231	0.01226403	0.004044005196263877	0.00206748456732534	0.02141769	0.02715115	-0.0006298588773641265	0.0005976199836083281	0.1061311	0.03249926	0.0012089383996061185	0.0007105479234227923	0.353105	0.02786292	0.006858994272809199	0.0006128360118177286	0.2807992	0.02318908	0.005690131158645156	0.0005915770831660362	0.12752	0.02456236	0.0031182131060643156	0.0006805863015623835	0.3643098	0.05361769	0.008307247664254024	0.001557055244984911	0.2152815	0.04341994	0.0	0.0
6622	-1	z10-15	nircam3	-0.000188186	0.005870727	0.0007767363295506196	0.0016700963843124781	-0.009258696	0.004235374	-0.0016974045161874778	0.002066958615072056	0.005852002	0.009376628	-0.0009594751276313935	0.0005974681297091658	0.02382282	0.01122359	0.0004191125483216755	0.000710367227415549	0.02448165	0.009622437	-0.002252029974940901	0.0006126801263493233	0.0352088	0.008008329	0.0022357132186024554	0.0005914266106645645	0.02360706	0.008482589	0.0020222600171771144	0.0006804134072726487	0.2023594	0.01851683	0.018173913722327486	0.0015566589936106031	0.03831268	0.01499504	0.0	0.0
7035	-1	z10-15	nircam3	0.005081505	0.009769481	0.00229755696489986	0.0016688214388720997	0.01324765	0.007048088	0.0009710027294400116	0.0020653807583122046	-0.02212409	0.01560365	0.0005493858988528701	0.0005970117906026383	0.06266209	0.01867719	0.0018720106350403572	0.0007098246245903796	0.07207884	0.0160127	0.004692875058230929	0.0006122122109981465	0.06854022	0.01332667	0.0009751062604949079	0.0005909751931601495	0.09727991	0.01411588	0.003087236647441016	0.0006798937457565212	0.1553717	0.03081386	0.004878869833241047	0.0015554702394876805	0.1585209	0.02495326	0.0	0.0
7565	-1	z10-15	nircam3	-0.01292689	0.005870727	-0.0033649142152401995	0.0016700963843124781	0.003568931	0.004235374	0.0016061027775232833	0.002066958615072056	-0.02671243	0.009376628	-0.0019990625159794465	0.0005974681297091658	0.02131583	0.01122359	0.0006850906359407874	0.000710367227415549	0.0335548	0.009622437	0.0022450195309439954	0.0006126801263493233	0.04620727	0.008008329	0.0013275323813219777	0.0005914266106645645	0.09889924	0.008482589	0.0013706615636904394	0.0006804134072726487	0.1342069	0.01851683	0.005197081225927009	0.0015566589936106031	0.0009452408	0.01499504	0.0	0.0
7878	-1	z10-15	nircam3	0.01022203	0.005870727	-0.007745523780916344	0.0016692460350396304	0.001946745	0.004235374	0.001342917659287915	0.0020659067105654886	-0.04638892	0.009376628	-0.0011421167570081308	0.0005971639036381474	-0.008315306	0.01122359	0.00039203929284327	0.0007100055779993427	0.01723859	0.009622437	0.0016180927157230373	0.0006123683554125125	0.03755025	0.008008329	-0.00032251813435192633	0.0005911256656616213	0.05211024	0.008482589	0.0017388350604461138	0.0006800669662618971	0.05200537	0.01851683	0.003388469608044751	0.0015558668327527339	0.1002787	0.01499504	0.0	0.0
9153	-1	z10-15	nircam3	0.04786772	0.02059587	0.0073276505788612434	0.001669671788144947	0.02565765	0.01485867	-0.002600480611352162	0.0020664326628187725	0.04185388	0.03289539	-0.0006893739447001951	0.0005973160166736566	0.0838322	0.03937497	-0.0005645241852274872	0.0007101865314083058	0.1573456	0.03375774	0.0015476270461386536	0.0006125242408809178	0.1251125	0.02809508	0.0038692727290102823	0.0005912761381630928	-0.01340615	0.02975889	0.0052340157845164265	0.0006802401867672729	0.7452317	0.06496133	0.017310916520849113	0.0015562630841270415	1.008196	0.05260608	0.0	0.0
9544	-1	z10-15	nircam3	0.0004417287	0.01987529	0.0028770740436276526	0.0016700963843124781	-0.01447526	0.01433881	-0.0008857436859846771	0.002066958615072056	0.1364476	0.03174448	0.0016330964329524344	0.0005974681297091658	0.1065532	0.03799735	0.004074355193065883	0.000710367227415549	0.5518188	0.03257666	0.013042025651691495	0.0006126801263493233	0.4215749	0.02711212	0.01122563004706539	0.0005914266106645645	0.1107627	0.02871772	0.005197453535472128	0.0006804134072726487	0.1843893	0.06268852	0.0066242494414809954	0.0015566589936106031	0.2203716	0.05076555	0.0	0.0
10413	-1	z10-15	nircam3	-0.1252928	0.04930658	-0.00459699511064006	0.0016705209804800084	0.1922091	0.03557171	0.005946926250075914	0.00206748456732534	0.511149	0.07875166	0.0008247148984422645	0.0005976199836083281	2.858656	0.09426378	0.014251468351105342	0.0007105479234227923	4.187105	0.08081613	0.019068656259706464	0.0006128360118177286	4.88268	0.0672597	0.023838253141079208	0.0005915770831660362	2.856002	0.07124288	0.018929941334864954	0.0006805863015623835	0.4934211	0.1555176	0.014573578521839324	0.001557055244984911	1.876872	0.1259391	0.0	0.0
10519	-1	z10-15	nircam3	0.01325566	0.01410103	0.003785260950282169	0.0016705209804800084	0.03079811	0.01017304	0.003921110994289039	0.00206748456732534	0.0002169911	0.02252193	5.790378344596267e-06	0.0005976199836083281	0.0001280988	0.0269582	3.3726369208346377e-06	0.0007105479234227923	-0.0002867025	0.02311235	-7.648183877558218e-06	0.0006128360118177286	0.06532472	0.01923539	0.0017627231834674926	0.0005915770831660362	-0.003524294	0.02037452	0.0013189234368107573	0.0006805863015623835	0.4508448	0.04447598	0.02069832900270805	0.001557055244984911	0.1687414	0.03601692	0.0	0.0
10967	-1	z10-15	nircam3	-0.0376509	0.01428781	-0.002452482503848163	0.0016700963843124781	0.0402661	0.01030779	0.006128693364085309	0.002066958615072056	0.01959923	0.02282025	0.0010786923587458436	0.0005974681297091658	0.2135149	0.02731527	0.0052181248826750695	0.000710367227415549	0.3757551	0.02341848	0.008673485588289533	0.0006126801263493233	0.2198294	0.01949017	0.006285662875397774	0.0005914266106645645	0.1987772	0.02064439	0.007277391413920417	0.0006804134072726487	0.5490159	0.04506509	0.017819985003434523	0.0015566589936106031	0.1124454	0.03649399	0.0	0.0
11733	-1	z10-15	nircam3	0.00717072	0.009632838	-0.0008949123181895852	0.0016688214388720997	0.01287069	0.006949509	0.0027060263278705717	0.0020653807583122046	-0.05317331	0.01538541	1.1102059298672465e-05	0.0005970117906026383	0.0517971	0.01841595	0.0009531119784110348	0.0007098246245903796	-0.01300482	0.01578874	0.00022293224857458847	0.0006122122109981465	0.08543674	0.01314027	0.004072635864232766	0.0005909751931601495	0.07284655	0.01391845	0.003350156341409468	0.0006798937457565212	0.5074946	0.03038288	0.01751886814803534	0.0015554702394876805	0.07437184	0.02460424	0.0	0.0
11782	-1	z10-15	nircam3	0.01361704	0.02226594	-0.0014600034239676332	0.0016717947689826004	0.01265108	0.01606353	0.004406483550325128	0.0020690624240851914	0.1044006	0.03556279	0.0007440916208499257	0.000598075804442162	0.265607	0.04256778	0.004072061743743179	0.0007110897540428023	0.634602	0.03649507	0.009248586441022819	0.0006133034092769837	0.3494901	0.03037324	0.009103313025709705	0.0005920285006704511	0.3917864	0.03217196	0.008543930164451013	0.0006811056368628702	0.3074717	0.07022887	0.006483602426500281	0.0015582426315448508	0.3671077	0.05687177	0.0	0.0
11938	-1	z10-15	nircam3	0.005792483	0.02279546	0.002480444533202517	0.001669671788144947	-0.02426049	0.01644554	3.9610258084995685e-05	0.0020664326628187725	0.1130998	0.03640852	0.0025451358749125326	0.0005973160166736566	0.006382105	0.0435801	0.0010075318499941882	0.0007101865314083058	0.4823219	0.03736297	0.009356012762322874	0.0006125242408809178	0.3434613	0.03109555	0.009179306144117614	0.0005912761381630928	0.06739749	0.03293706	0.004227108800508553	0.0006802401867672729	0.641421	0.07189901	0.015580655321385594	0.0015562630841270415	0.4110101	0.05822426	0.0	0.0
11961	-1	z10-15	nircam3	0.02225669	0.0223254	0.0035657586149222655	0.0016688214388720997	-0.01170909	0.01610642	-0.002671853324485514	0.0020653807583122046	-0.06083377	0.03565775	0.0003091328177428752	0.0005970117906026383	0.1036695	0.04268144	0.00260440089619341	0.0007098246245903796	0.3626124	0.03659252	0.008086429200545826	0.0006122122109981465	0.4147108	0.03045434	0.009261990933848451	0.0005909751931601495	0.2448373	0.03225787	0.0060202378873816555	0.0006798937457565212	0.3149618	0.0704164	0.008865743291950431	0.0015554702394876805	0.09261421	0.05702363	0.0	0.0
