NUMBER	REDSHIFT	REDSHIFT_BIN	POINTING	SEX_FLUX_F606W	SEX_FLUXERR_F606W	EAZY_FLUX_F606W	EAZY_FLUXERR_F606W	SEX_FLUX_F814W	SEX_FLUXERR_F814W	EAZY_FLUX_F814W	EAZY_FLUXERR_F814W	SEX_FLUX_F115W	SEX_FLUXERR_F115W	EAZY_FLUX_F115W	EAZY_FLUXERR_F115W	SEX_FLUX_F150W	SEX_FLUXERR_F150W	EAZY_FLUX_F150W	EAZY_FLUXERR_F150W	SEX_FLUX_F200W	SEX_FLUXERR_F200W	EAZY_FLUX_F200W	EAZY_FLUXERR_F200W	SEX_FLUX_F277W	SEX_FLUXERR_F277W	EAZY_FLUX_F277W	EAZY_FLUXERR_F277W	SEX_FLUX_F356W	SEX_FLUXERR_F356W	EAZY_FLUX_F356W	EAZY_FLUXERR_F356W	SEX_FLUX_F410M	SEX_FLUXERR_F410M	EAZY_FLUX_F410M	EAZY_FLUXERR_F410M	SEX_FLUX_F444W	SEX_FLUXERR_F444W	EAZY_FLUX_F444W	EAZY_FLUXERR_F444W
1015	-1	z7-8	nircam8	0.01374732	0.01083665	0.0023091020470682204	0.00182406629264939	0.02565698	0.006565722	0.002723537560816696	0.0018959131866002645	0.04003827	0.01447287	0.0014503412351758737	0.0005451992298994954	-0.01917111	6.189653e-05	-0.0016560560333247396	2.316060174166743e-06	-0.001983375	4.741337e-05	0.00028190867699609155	1.7847692779869582e-06	0.01970485	3.064749e-05	-0.0017862021251928628	1.3395364591664994e-06	0.02651969	0.01293898	0.0012422665095317268	0.0006142497493500453	0.08896866	4.232013e-05	0.007590625837820453	2.105594135231363e-06	0.1848143	2.559049e-05	0.0	0.0
1158	-1	z7-8	nircam8	0.03949432	0.0156329	0.004095419773629901	0.0018254627165573182	0.03302917	0.00947168	0.005732466737892595	0.001897365013291876	0.9693642	0.0208785	0.025144785158291355	0.000545616608291455	0.9582913	8.929164e-05	0.024218373488865453	2.317833731732203e-06	0.8659315	6.839831e-05	0.02217425329551247	1.7861361452557818e-06	0.4048548	4.421192e-05	0.01201571558375363	1.3405620820285903e-06	0.4142242	0.01866571	0.013583114604043402	0.0006147202657896361	-0.05096719	6.105082e-05	-0.001150134617160454	2.1072061970247264e-06	0.1739144	3.691671e-05	0.0	0.0
1553	-1	z7-8	nircam8	-0.01129004	0.01522144	-0.0029651378340366354	0.0018273242294552933	0.01676672	0.009222382	0.002626448759585993	0.0018992991282761218	0.1208547	0.02032897	0.003423662773869333	0.0005461727675879375	0.0178376	8.694145e-05	0.00023684431330211784	2.3201965033902484e-06	0.07594507	6.659804e-05	0.002453151589950098	1.7879568238419474e-06	0.1005585	4.304824e-05	0.0032996276232499983	1.3419286779277268e-06	0.05450419	0.01817442	0.0022293401728044992	0.0006153467509241816	0.2997827	5.944394e-05	0.010233514628813632	2.1093544728384535e-06	0.1452056	3.594505e-05	0.0	0.0
2553	-1	z7-8	nircam8	0.04335218	0.01259735	0.0059949982386459325	0.001824997627567271	0.03040285	0.007632497	0.006290904977899964	0.0018968811372188552	0.02755649	0.01682437	0.00045452403316582733	0.0005454775684673346	0.03327915	7.195325e-05	0.0012200273173546868	2.317242717334664e-06	0.066632	5.511693e-05	0.0006141782499366705	1.7856805228328407e-06	-0.01638991	3.562698e-05	-0.0018581687656003172	1.3402202077412267e-06	0.04551953	0.01504126	0.0026812053015747035	0.0006145636445059997	0.2400122	4.919615e-05	0.00755862398321227	2.1066692990579085e-06	0.1749259	2.974834e-05	0.0	0.0
4012	-1	z7-8	nircam8	0.0260151	0.01447326	0.0037177871816539564	0.0018259289624851514	-0.008651266	0.008769072	-0.0020179081094582616	0.0018978488893648974	-0.03339036	0.01932973	-0.0014124480930904466	0.0005457556481155756	0.08914895	8.2668e-05	0.002544253970730787	2.3184247461297416e-06	0.03073161	6.332453e-05	0.0005536314373716417	1.7865915089493516e-06	0.001918788	4.093228e-05	0.001006772010019045	1.3409039563159538e-06	0.09903914	0.01728109	0.003136143144153249	0.0006148768870732726	0.2917524	5.652208e-05	0.009352229103738178	2.107743436964772e-06	0.2094053	3.417824e-05	0.0	0.0
5038	-1	z7-8	nircam8	0.04804252	0.01876963	0.004377705651832815	0.0018245325385772239	-0.02263173	0.01137216	-0.0020229671747172065	0.001896397261145834	0.3961487	0.02506775	0.009750181907035136	0.0005453382697236159	0.4490187	0.0001072079	0.010701923082575284	2.3166514457507034e-06	0.3467401	8.212237e-05	0.008374428101646157	1.7852249004098991e-06	0.2497363	5.3083e-05	0.006529213075938634	1.3398783334538629e-06	0.1945249	0.02241097	0.005911200487003635	0.0006144066969280224	-0.0233515	7.330062e-05	-0.0011378406796399994	2.106131375171408e-06	0.3650096	4.432402e-05	0.0	0.0
6415	-1	z7-8	nircam8	-0.0003185623	0.01284683	0.00033632516956414495	0.001824997627567271	0.002303857	0.00778365	0.0017445740974600002	0.0018968811372188552	0.1334588	0.01715756	0.005442593517587918	0.0005454775684673346	-0.0001152542	7.337821e-05	-4.635116570148684e-06	2.317242717334664e-06	0.0003393276	5.620846e-05	1.304199392872377e-05	1.7856805228328407e-06	0.1069491	3.633253e-05	0.0033401959042390892	1.3402202077412267e-06	0.1091807	0.01533913	0.004033898626017271	0.0006145636445059997	0.2006191	5.017043e-05	0.009153631571731815	2.1066692990579085e-06	0.236048	3.033747e-05	0.0	0.0
7357	-1	z7-8	nircam8	-0.03813902	0.01469091	-0.005608590273561758	0.0018268591404652457	0.02237505	0.008900945	0.0015595254383352134	0.0018988158476207458	-0.1075541	0.01962042	-0.004167611276381893	0.0005460339866834149	0.06620517	8.391119e-05	0.0018840134755670527	2.3196060033655532e-06	-0.008600425	6.427684e-05	0.00043056422459695234	1.7875019776071203e-06	0.1252352	4.154784e-05	0.0018625869950768172	1.3415871040571358e-06	0.1585492	0.01754097	0.004660282609317043	0.000615190455934886	0.03237649	5.737208e-05	-0.001430097155185363	2.1088175748716355e-06	0.3622335	3.469222e-05	0.0	0.0
8453	-1	z7-8	nircam8	-0.009298307	0.006665892	-0.002710612678013279	0.001824997627567271	0.01005741	0.004038738	0.000875752974842866	0.0018968811372188552	0.03216831	0.008902621	0.004908841123115558	0.0005454775684673346	0.1092397	3.807408e-05	0.01632589829817243	2.317242717334664e-06	-0.02157602	2.916514e-05	0.0007427682998721228	1.7856805228328407e-06	0.02195057	1.885202e-05	5.417695050189543e-05	1.3402202077412267e-06	0.0361955	0.007959086	0.0016303848180958857	0.0006145636445059997	0.1811462	2.603216e-05	0.005186755814297271	2.1066692990579085e-06	0.1400736	1.574134e-05	0.0	0.0
8818	-1	z7-8	nircam8	-0.02612044	0.03724217	0.001444456493996852	0.0018254627165573182	0.06510716	0.02256433	0.00850717250641461	0.001897365013291876	-0.2571633	0.04973872	-0.0014363872812814013	0.000545616608291455	10.03963	0.0002127189	0.0732565174799874	2.317833731732203e-06	0.5748415	0.0001629449	0.012306136549089684	1.7861361452557818e-06	1.1726	0.0001053258	0.020169183012293628	1.3405620820285903e-06	0.9026169	0.04446721	0.018851352092285674	0.0006147202657896361	1.175416	0.000145441	0.02394084801597999	2.1072061970247264e-06	0.6769826	8.794647e-05	0.0	0.0
10027	-1	z7-8	nircam8	0.07068266	0.03833406	-0.0005418754136915262	0.0018268591404652457	-0.005751533	0.02322588	0.00014737358777579815	0.0018988158476207458	4.637595	0.05119698	0.02270857182286423	0.0005460339866834149	5.764575	0.0002189555	0.028005363823632334	2.3196060033655532e-06	3.383618	0.0001677222	0.015626374349467682	1.7875019776071203e-06	1.294633	0.0001084138	0.010130095634711813	1.3415871040571358e-06	1.174141	0.04577092	0.008146381981099089	0.000615190455934886	0.7971984	0.0001497051	0.010607373439797268	2.1088175748716355e-06	1.736759	9.052493e-05	0.0	0.0
10189	-1	z7-8	nircam8	-0.01927609	0.008356138	0.0005002380326231059	0.0018268591404652457	0.009541123	0.005062826	0.0015442198308195582	0.0018988158476207458	0.01327092	0.01116003	0.0002838789293969838	0.0005460339866834149	0.04610183	4.772839e-05	0.0024363578370809047	2.3196060033655532e-06	0.0194867	3.656044e-05	0.0011585386377448521	1.7875019776071203e-06	-0.007139433	2.363226e-05	0.0013119894427744993	1.3415871040571358e-06	0.00453659	0.009977242	-0.0012833753546598404	0.000615190455934886	0.5261326	3.263304e-05	0.01559566509164681	2.1088175748716355e-06	0.112463	1.973281e-05	0.0	0.0
10525	-1	z7-8	nircam8	-0.009529356	0.006423415	0.001796632983863324	0.0018254627165573182	-0.006980314	0.003891825	0.0009165700452584626	0.001897365013291876	0.01681682	0.008578781	0.0026734768982411956	0.000545616608291455	0.0294654	3.66891e-05	0.001955012616384691	2.317833731732203e-06	0.007917623	2.810423e-05	0.0012885390214835144	1.7861361452557818e-06	0.45447	1.816627e-05	0.012594198121317266	1.3405620820285903e-06	-0.01579617	0.007669567	-0.0007005594969356133	0.0006147202657896361	-0.02789403	2.508522e-05	-0.00613177147000727	2.1072061970247264e-06	-0.07186747	1.516874e-05	0.0	0.0
11981	-1	z7-8	nircam8	0.009332252	0.009593857	0.0011681323162061595	0.0018259289624851514	0.004703004	0.005812737	0.004084215734571537	0.0018978488893648974	0.1015131	0.01281306	0.007663968316582883	0.0005457556481155756	-5.412743e-05	5.479797e-05	-3.7538750110823357e-06	2.3184247461297416e-06	4.416454e-05	4.19758e-05	3.0395345435230106e-06	1.7865915089493516e-06	0.1476072	2.71327e-05	0.004925414101392271	1.3409039563159538e-06	0.03021378	0.01145508	0.001126132154009704	0.0006148768870732726	0.350397	3.746667e-05	0.014166323013347267	2.107743436964772e-06	0.05052834	2.265566e-05	0.0	0.0
12041	-1	z7-8	nircam8	-0.01897808	0.0156329	0.0024288046151160593	0.0018277893184453404	0.02534945	0.00947168	0.0015349737886793777	0.0018997824089314974	-0.06815879	0.0208785	-0.002832784948492451	0.0005463118074120581	0.04306884	8.929164e-05	0.0011640481207627479	2.3207867462285217e-06	0.01403497	6.839831e-05	0.0010728937825123532	1.7884116700767743e-06	0.1115257	4.421192e-05	0.0018292341241350901	1.3422702517983176e-06	0.1289141	0.01866571	0.004343750995087953	0.0006155033722078179	0.2931217	6.105082e-05	0.009377210247990451	2.1098910288320447e-06	0.08572937	3.691671e-05	0.0	0.0
12777	-1	z7-8	nircam8	-0.01427605	0.006423415	0.002194433315328081	0.0018268591404652457	0.0001377218	0.003891825	0.0021297910544473696	0.0018988158476207458	-0.003923707	0.008578781	0.0003051584954773857	0.0005460339866834149	-0.005168864	3.66891e-05	0.0020410653928492994	2.3196060033655532e-06	0.00980089	2.810423e-05	0.001591836079420709	1.7875019776071203e-06	0.3036359	1.816627e-05	0.01132815472018045	1.3415871040571358e-06	0.001846715	0.007669567	-0.0006804388826977952	0.000615190455934886	-0.02626646	2.508522e-05	-0.006279469706866362	2.1088175748716355e-06	0.0149415	1.516874e-05	0.0	0.0
12959	-1	z7-8	nircam8	0.008609771	0.01333178	0.0052059655115286015	0.0018259289624851514	0.00197035	0.008077475	-0.0008902061427631046	0.0018978488893648974	-0.0261538	0.01780524	-0.0008806751389447202	0.0005457556481155756	0.09055374	7.614816e-05	0.002551903723663942	2.3184247461297416e-06	0.02430808	5.833028e-05	0.0013786534266060247	1.7865915089493516e-06	0.08603463	3.770405e-05	0.002061759109560181	1.3409039563159538e-06	-0.01999755	0.01591817	0.0006905305140734316	0.0006148768870732726	0.1930798	5.206432e-05	0.0070843720918981785	2.107743436964772e-06	0.1879372	3.148268e-05	0.0	0.0
13112	-1	z7-8	nircam8	-0.003966649	0.006171417	0.0011684146090259891	0.0018268591404652457	0.001984454	0.003739145	0.0014903744269087514	0.0018988158476207458	-0.0166323	0.008242226	-0.001997456470100495	0.0005460339866834149	0.02047133	3.524975e-05	0.002215826909957534	2.3196060033655532e-06	0.04187955	2.700167e-05	0.0005340016399675807	1.7875019776071203e-06	0.01625636	1.745358e-05	-0.00036825538626068165	1.3415871040571358e-06	-0.0001113876	0.007368682	-0.0013481007315942722	0.000615190455934886	0.113503	2.41011e-05	0.006087626146098634	2.1088175748716355e-06	0.1852413	1.457365e-05	0.0	0.0
14215	-1	z7-8	nircam8	0.0004720984	0.06111988	0.0014302759075515577	0.0018259289624851514	-0.1570437	0.03703138	-0.002874785551057241	0.0018978488893648974	7.002031	0.08162856	0.023923194727386844	0.0005457556481155756	8.057152	0.0003491031	0.024051858140002776	2.3184247461297416e-06	5.583714	0.0002674165	0.018234061111982492	1.7865915089493516e-06	3.362576	0.0001728551	0.010922027293465905	1.3409039563159538e-06	2.493375	0.07297724	0.009832586298388634	0.0006148768870732726	2.485286	0.0002386901	0.014748132324103177	2.107743436964772e-06	1.89669	0.0001443331	0.0	0.0
15599	-1	z7-8	nircam8	-0.00684458	0.01583463	-0.0009442928524733981	0.0018259289624851514	-0.01431319	0.0095939	-0.001930555379089761	0.0018978488893648974	0.05480702	0.02114791	0.002434473395728634	0.0005457556481155756	0.108768	9.044383e-05	0.0037227811726739672	2.3184247461297416e-06	-0.04015381	6.92809e-05	-0.0009209254640407715	1.7865915089493516e-06	0.1324488	4.478242e-05	0.00638597435870227	1.3409039563159538e-06	0.2415784	0.01890657	0.00873547378417636	0.0006148768870732726	0.392565	6.183861e-05	0.01726803386363999	2.107743436964772e-06	0.100595	3.739308e-05	0.0	0.0
