NUMBER	REDSHIFT	REDSHIFT_BIN	POINTING	SEX_FLUX_F606W	SEX_FLUXERR_F606W	EAZY_FLUX_F606W	EAZY_FLUXERR_F606W	SEX_FLUX_F814W	SEX_FLUXERR_F814W	EAZY_FLUX_F814W	EAZY_FLUXERR_F814W	SEX_FLUX_F115W	SEX_FLUXERR_F115W	EAZY_FLUX_F115W	EAZY_FLUXERR_F115W	SEX_FLUX_F150W	SEX_FLUXERR_F150W	EAZY_FLUX_F150W	EAZY_FLUXERR_F150W	SEX_FLUX_F200W	SEX_FLUXERR_F200W	EAZY_FLUX_F200W	EAZY_FLUXERR_F200W	SEX_FLUX_F277W	SEX_FLUXERR_F277W	EAZY_FLUX_F277W	EAZY_FLUXERR_F277W	SEX_FLUX_F356W	SEX_FLUXERR_F356W	EAZY_FLUX_F356W	EAZY_FLUXERR_F356W	SEX_FLUX_F410M	SEX_FLUXERR_F410M	EAZY_FLUX_F410M	EAZY_FLUXERR_F410M	SEX_FLUX_F444W	SEX_FLUXERR_F444W	EAZY_FLUX_F444W	EAZY_FLUXERR_F444W
788	-1	z10-15	nircam2	0.006564681	0.01200351	-0.002376328231010189	0.0015604418209376727	-0.002780873	0.008948561	0.0010797476249662255	0.001995645443703227	-0.04931311	0.02162416	-0.0005006265447226642	0.0006296469038325313	-0.002298327	0.02562532	0.00017948297589892635	0.000741157363726708	0.05948901	0.02045975	0.0012990562731440875	0.0005953043344873065	0.0378199	0.01662362	0.0011392327148396335	0.0005610152471186295	0.06294902	0.01791715	0.0011685540108719785	0.0006567546179084648	0.2355815	0.03970866	0.009021286486722846	0.0015254645400789404	0.1989387	0.03170771	0.0	0.0
1455	-1	z10-15	nircam2	0.03036999	0.02429568	0.0011931696068370327	0.0015636280276008316	0.04639844	0.01811233	0.005363688865144845	0.0019997200851220634	-0.2432966	0.04376836	0.00032231145579032257	0.0006309327383848246	0.05726158	0.05186691	0.00428838472301287	0.0007426706284369406	0.754979	0.04141153	0.00723052734791431	0.0005965198268273307	0.479436	0.03364702	0.0090201987436094	0.0005621607603334258	0.4155511	0.03626518	0.00839913282787631	0.0006580956904086531	0.7362822	0.08037227	0.012950076126639206	0.0015285795066633378	0.3704352	0.06417796	0.0	0.0
2259	-1	z10-15	nircam2	-0.004483944	0.01771247	-0.0001171599658751362	0.0015640260141992803	-0.001360918	0.01320457	-0.0007229830971011215	0.0020002281748459903	0.07610891	0.03190878	0.001243945161850403	0.0006310931437834279	0.1085221	0.03781293	0.0009190821840554825	0.0007428595612992148	0.4816735	0.03019057	0.010806275868252443	0.0005966715691603632	0.4031709	0.02452995	0.007866164760616023	0.0005623037242270396	0.3334778	0.02643869	0.007833138904256317	0.0006582630390324907	0.1706112	0.05859442	0.005419053792595854	0.0015289682364412389	0.09450924	0.04678816	0.0	0.0
3260	-1	z10-15	nircam2	0.001749101	0.01784319	-0.0018471495153593938	0.0015624340678054866	0.03339447	0.01330202	0.00567829167107888	0.001998191846499314	0.02210214	0.03214428	0.0014568935643819918	0.0006304507447799745	0.5763039	0.038092	0.008486987726187485	0.0007421033150466781	1.009342	0.03041338	0.01604128795840603	0.0005960643408822726	-0.0001760998	0.02471099	-1.6003669585113379e-06	0.0005617312679639558	-0.0001588087	0.02663381	-5.697506229418547e-06	0.0006575929921058582	0.2422369	0.05902686	0.01707265286014597	0.0015274119497666503	0.5147451	0.04713346	0.0	0.0
3478	-1	z10-15	nircam2	0.1377278	0.02395856	0.008776120490038378	0.001562832054403935	0.0696957	0.017861	0.003083870426629645	0.001998701920948725	-0.1459945	0.04316104	0.0022313163172033574	0.0006306114093149246	0.00520242	0.05114721	0.000608931644716981	0.0007422925053106721	0.5178372	0.04083692	0.011931225163621193	0.000596216083215305	0.4130248	0.03318015	0.010338157649912597	0.0005618745322018839	0.2665265	0.03576197	0.007695717303324829	0.0006577606669453368	1.046369	0.07925704	0.016940177033988334	0.0015278013633260432	0.4375129	0.06328744	0.0	0.0
4954	-1	z10-15	nircam2	0.03537651	0.0228667	0.0003015252908120899	0.0015636280276008316	0.03117356	0.01704703	0.0003939676116467215	0.0019997200851220634	0.03422166	0.04119407	0.000661236661039862	0.0006309327383848246	0.06852838	0.04881629	0.000752934779412486	0.0007426706284369406	0.6818358	0.03897586	0.008765672939796144	0.0005965198268273307	0.5739961	0.03166803	0.011766853504903623	0.0005621607603334258	0.3192998	0.0341322	0.008809078237463198	0.0006580956904086531	0.3733657	0.07564507	0.009235829767486856	0.0015285795066633378	0.4674879	0.06040325	0.0	0.0
5581	-1	z10-15	nircam2	-0.004954324	0.01180831	-0.003272442491865844	0.0015632300410023832	-0.001689037	0.008803046	0.0019548575487522463	0.0019992100106726524	-0.04819743	0.02127252	-0.0026807214533658814	0.0006307720738498746	-0.01714068	0.02520862	0.0006520822116090835	0.0007424816955746662	0.3119611	0.02012705	0.009127733771654965	0.0005963680844942982	0.08972516	0.0163533	0.0032020247968856	0.0005620177964398119	0.09240835	0.01762579	0.003260957567610149	0.0006579283417848155	-0.09690153	0.03906295	-0.004947627481115936	0.0015281904349946905	0.1275286	0.0311921	0.0	0.0
6534	-1	z10-15	nircam2	-0.03227039	0.04221919	-0.002663716204850188	0.001562832054403935	0.02821343	0.03147423	0.00596132741818847	0.001998701920948725	0.0371886	0.07605733	0.00012479234230448424	0.0006306114093149246	1.758702	0.09013037	0.002971334769705532	0.0007422925053106721	2.823315	0.07196182	0.015688782232500954	0.000596216083215305	2.425392	0.05846925	0.012678410512621313	0.0005618745322018839	2.253802	0.06301888	0.01719460134879661	0.0006577606669453368	3.262132	0.1396648	0.015372166925728563	0.0015278013633260432	2.27348	0.1115236	0.0	0.0
6620	-1	z10-15	nircam2	0.01326188	0.009520167	-0.0002741766698719723	0.001562832054403935	0.002608502	0.007097243	0.00030289868128181114	0.001998701920948725	0.0004239345	0.01715046	2.2952333336607096e-05	0.0006306114093149246	0.07522118	0.02032384	0.005457269098415115	0.0007422925053106721	0.230421	0.01622694	0.010214615421325597	0.000596216083215305	0.08395263	0.01318445	0.005275466787972851	0.0005618745322018839	0.1224464	0.01421037	0.00668071690926352	0.0006577606669453368	-0.06464205	0.03149356	-0.0018644728049372538	0.0015278013633260432	0.1015265	0.02514788	0.0	0.0
7476	-1	z10-15	nircam2	0.02443966	0.01509125	0.002825727987738887	0.001565218817056839	0.002558581	0.01125046	0.0012651281301919522	0.002001754428743255	-0.03322472	0.0271867	-0.0011306157676691775	0.0006315746191155846	-0.1206693	0.03221711	-0.00018027157754763176	0.000743426102484318	0.1423119	0.02572276	0.002150264730235991	0.0005971265372134995	-0.009414239	0.02089983	0.0009604050069978319	0.0005627326159078809	0.1720065	0.0225261	0.0010638006228780637	0.0006587650849040038	0.7144137	0.0499232	0.01930851235112568	0.0015301344257749431	0.4117704	0.03986411	0.0	0.0
8333	-1	z10-15	nircam2	-0.03380301	0.01120235	-0.004108868018456539	0.001562832054403935	0.006707936	0.008351303	0.0004635312475013258	0.001998701920948725	-0.02336448	0.02018089	-0.0004952453193472259	0.0006306114093149246	-0.164859	0.023915	-0.004330948671385731	0.0007422925053106721	0.01861613	0.01909419	0.0010019062021184373	0.000596216083215305	0.04834703	0.0155141	0.001606120053852036	0.0005618745322018839	0.04395397	0.01672129	0.0021322243738205087	0.0006577606669453368	0.2791279	0.03705836	0.00998357901748521	0.0015278013633260432	0.2190695	0.02959143	0.0	0.0
9506	-1	z10-15	nircam2	-0.01444685	0.01606104	-0.0009987727057436087	0.0015640260141992803	0.02002347	0.01197344	0.001828356108210075	0.0020002281748459903	-0.0457368	0.02893376	-0.0033897003583751766	0.0006310931437834279	0.03215191	0.03428743	0.0009665854140280464	0.0007428595612992148	-0.04658765	0.02737574	-0.0002230836024886797	0.0005966715691603632	0.323729	0.02224289	0.008677223557320871	0.0005623037242270396	0.2018214	0.02397367	0.006538141101204088	0.0006582630390324907	0.1873357	0.05313135	0.01512850822905771	0.0015289682364412389	0.2889429	0.04242585	0.0	0.0
9509	-1	z10-15	nircam2	0.008706719	0.01337697	0.00019792151205904278	0.0015612389510723554	0.01116404	0.00997247	0.0005856736354627908	0.0019966636078765647	0.04324375	0.02409843	0.0015869154854718293	0.0006299687511751246	0.04205826	0.02855741	0.0018100223806922831	0.000741535744254696	0.3809737	0.02280078	0.009952600950883857	0.0005956083370452929	0.116554	0.01852572	0.004186913872386367	0.0005613017755944858	0.1810896	0.01996725	0.005874406447224953	0.0006570902938030632	0.08692046	0.04425219	0.001537884063308532	0.0015262437090884718	0.3262502	0.03533576	0.0	0.0
9677	-1	z10-15	nircam2	0.06199298	0.01711187	0.006401945320248282	0.001565218817056839	0.04796034	0.01275683	0.005369726400067445	0.002001754428743255	0.2641108	0.03082682	0.0029435971375422233	0.0006315746191155846	0.6573219	0.03653076	0.015231726172279742	0.000743426102484318	-0.000290674	0.02916686	-5.90424238909953e-06	0.0005971265372134995	0.6368937	0.02369818	0.017656863804725212	0.0005627326159078809	0.4197897	0.0255422	0.011096769809044534	0.0006587650849040038	0.5184796	0.05660759	0.01412038182492203	0.0015301344257749431	0.3650467	0.04520165	0.0	0.0
10411	-1	z10-15	nircam2	0.01668169	0.01627664	0.0013597177427853706	0.0015644240007977284	0.001901197	0.01213416	-0.004442325707842305	0.002000736264569917	-0.00917359	0.02932215	0.00038372754736573503	0.0006312535491820313	0.3225062	0.03474769	0.003053888649254056	0.0007430484941614891	0.3922883	0.02774322	0.007310766932789324	0.0005968233114933954	0.1862014	0.02254147	0.001427891532917292	0.0005624466881206534	0.4367161	0.02429548	0.007418453581405568	0.0006584303876563285	0.5361357	0.05384456	0.013394359731815174	0.0015293569662191404	0.3275968	0.04299535	0.0	0.0
10538	-1	z10-15	nircam2	0.01950699	0.01257091	-0.0006675689526775778	0.0015596446908029897	0.01071131	0.009371558	0.0014462180558661739	0.0019946252948044047	0.008461728	0.02264633	0.0004849664170192794	0.0006293250564899378	-0.1263761	0.02683663	-0.00476110812931262	0.0007407784683952804	0.08019434	0.02142688	0.00262773182106903	0.0005950000729833592	0.04155213	0.01740942	0.0012007149980457386	0.0005607284182984589	0.04279305	0.01876409	0.000792731735981564	0.0006564189420138664	0.2188109	0.04158568	0.010067879018661238	0.0015246850291786634	0.3407657	0.03320653	0.0	0.0
11590	-1	z10-15	nircam2	0.0492253	0.0113056	0.006953628789715988	0.001562832054403935	0.02490228	0.008428275	0.004788336794562062	0.001998701920948725	0.04422757	0.02036689	0.0025318714627343294	0.0006306114093149246	0.7027645	0.02413542	0.022754283709038394	0.0007422925053106721	1.463589	0.01927018	0.04430490295065235	0.000596216083215305	-0.0002194242	0.01565709	-9.331902079891482e-06	0.0005618745322018839	6.209339e-05	0.01687541	2.856408417156833e-06	0.0006577606669453368	0.6170613	0.03739993	0.013367244376770884	0.0015278013633260432	0.3759826	0.02986417	0.0	0.0
12228	-1	z10-15	nircam2	-0.003845372	0.01816588	-0.0005622635498286068	0.0015604418209376727	0.08585368	0.01354258	0.009920303005262972	0.001995645443703227	0.0003883552	0.03272559	0.0004423294182160554	0.0006296469038325313	-0.006817571	0.03878088	0.0014339504887283898	0.000741157363726708	0.3670393	0.0309634	0.006799954593745388	0.0005953043344873065	0.2918006	0.02515788	0.007442363915902265	0.0005610152471186295	0.1824669	0.02711547	0.004024630014290623	0.0006567546179084648	0.2336881	0.06009434	0.010917498035258974	0.0015254645400789404	0.3679822	0.04798585	0.0	0.0
12282	-1	z10-15	nircam2	-0.01049153	0.02336933	0.0039012601604764235	0.0015632300410023832	-0.008313709	0.01742173	-0.002529522705844985	0.0019992100106726524	0.1744995	0.04209954	0.0011707671306349168	0.0006307720738498746	0.126326	0.0498893	0.006658925860772081	0.0007424816955746662	0.7273522	0.03983257	0.01572321945582857	0.0005963680844942982	-0.0002671794	0.03236412	-2.7925017201857347e-06	0.0005620177964398119	-0.0001550894	0.03488244	-1.7994547343679092e-06	0.0006579283417848155	0.6150491	0.0773078	0.014131291558618454	0.0015281904349946905	0.7809855	0.06173095	0.0	0.0
13212	-1	z10-15	nircam2	0.0606673	0.03301404	0.006249635617634548	0.0015620360812070382	0.1554246	0.02461182	0.01066763352376762	0.001997683756775387	0.289576	0.05947436	0.0030808150158433936	0.0006302900802450245	2.659485	0.07047903	0.04088731079112232	0.0007419143821844038	0.02971464	0.05627181	0.00015048344134937055	0.0005959123396032793	3.488577	0.04572105	0.04367751184035247	0.000561588304070342	2.089466	0.04927872	0.03105281265623434	0.0006574256434820205	1.618336	0.1092134	0.022929959305163016	0.001527022878098003	0.7186965	0.08720782	0.0	0.0
