pointing	ID	f606w_FLUX	f606w_FLUXERR	f606w_SNR	f814w_FLUX	f814w_FLUXERR	f814w_SNR	f115w_FLUX	f115w_FLUXERR	f115w_SNR	f150w_FLUX	f150w_FLUXERR	f150w_SNR	f200w_FLUX	f200w_FLUXERR	f200w_SNR	f277w_FLUX	f277w_FLUXERR	f277w_SNR	f356w_FLUX	f356w_FLUXERR	f356w_SNR	f410m_FLUX	f410m_FLUXERR	f410m_SNR	f444w_FLUX	f444w_FLUXERR	f444w_SNR
nircam1	2858	-5.885e-02	3.093e-02	-1.90	8.370e-02	2.493e-02	3.36	7.254e-01	5.877e-02	12.34	1.738e+00	6.964e-02	24.95	1.332e+00	5.528e-02	24.10	1.299e+00	4.592e-02	28.28	1.134e+00	4.833e-02	23.47	4.838e-01	1.067e-01	4.53	1.971e+00	8.545e-02	23.06
nircam1	4010	-7.219e-02	2.474e-02	-2.92	-3.044e-02	1.994e-02	-1.53	5.341e-01	4.701e-02	11.36	3.236e+00	5.571e-02	58.08	3.226e+00	4.422e-02	72.95	1.984e+00	3.673e-02	54.02	2.185e+00	3.866e-02	56.51	1.654e+00	8.538e-02	19.37	2.740e+00	6.836e-02	40.09
nircam1	6802	-4.545e-02	2.772e-02	-1.64	3.800e-02	2.234e-02	1.70	7.104e-01	5.266e-02	13.49	1.938e+00	6.240e-02	31.05	2.136e+00	4.953e-02	43.12	1.530e+00	4.115e-02	37.19	1.557e+00	4.331e-02	35.94	1.669e+00	9.564e-02	17.45	2.198e+00	7.657e-02	28.70
nircam1	8216	-1.251e-01	4.411e-02	-2.84	7.057e-02	3.555e-02	1.98	4.311e-02	8.381e-02	0.51	2.637e+00	9.932e-02	26.55	2.561e+00	7.884e-02	32.48	3.494e+00	6.549e-02	53.35	2.927e+00	6.893e-02	42.46	2.599e+00	1.522e-01	17.07	4.127e+00	1.219e-01	33.86
nircam1	11572	-4.068e-02	2.887e-02	-1.41	1.127e-01	2.327e-02	4.84	4.655e-01	5.485e-02	8.49	1.773e+00	6.500e-02	27.28	1.513e+00	5.159e-02	29.33	9.670e-01	4.286e-02	22.57	6.524e-01	4.511e-02	14.46	1.432e+00	9.962e-02	14.37	9.138e-01	7.975e-02	11.46
nircam1	10899	1.580e-01	3.093e-02	5.11	1.735e-01	2.493e-02	6.96	1.333e-01	5.877e-02	2.27	1.155e+00	6.964e-02	16.59	1.135e+00	5.528e-02	20.53	1.026e+00	4.592e-02	22.35	9.696e-01	4.833e-02	20.06	3.426e-01	1.067e-01	3.21	1.329e+00	8.545e-02	15.55
nircam1	8272	-2.822e-02	1.936e-02	-1.46	-7.807e-03	1.560e-02	-0.50	2.947e-01	3.678e-02	8.01	4.770e-02	4.359e-02	1.09	2.305e-01	3.460e-02	6.66	3.054e-01	2.874e-02	10.63	1.080e-01	3.025e-02	3.57	1.014e+00	6.680e-02	15.18	3.993e-01	5.348e-02	7.47
nircam2	1332	-2.199e-02	3.022e-02	-0.73	6.847e-02	2.253e-02	3.04	8.303e-01	5.444e-02	15.25	1.595e+00	6.452e-02	24.73	1.210e+00	5.151e-02	23.50	1.019e+00	4.185e-02	24.34	9.005e-01	4.511e-02	19.96	1.008e+00	9.997e-02	10.08	1.356e+00	7.983e-02	16.98
nircam2	2034	1.188e-02	2.204e-02	0.54	8.556e-04	1.643e-02	0.05	6.275e-01	3.970e-02	15.81	1.576e+00	4.705e-02	33.50	1.474e+00	3.756e-02	39.24	1.752e+00	3.052e-02	57.41	2.336e+00	3.290e-02	71.00	4.566e+00	7.291e-02	62.63	6.929e+00	5.822e-02	119.01
nircam2	5726	1.749e-02	1.976e-02	0.89	1.870e-02	1.473e-02	1.27	1.808e-01	3.560e-02	5.08	9.361e-01	4.218e-02	22.19	9.046e-01	3.368e-02	26.86	5.632e-01	2.736e-02	20.58	4.939e-01	2.949e-02	16.75	4.385e-01	6.536e-02	6.71	4.504e-01	5.219e-02	8.63
nircam2	11316	3.335e-04	2.045e-02	0.02	1.270e-02	1.525e-02	0.83	2.618e-01	3.685e-02	7.11	4.265e-01	4.366e-02	9.77	8.853e-01	3.486e-02	25.40	6.000e-01	2.832e-02	21.18	1.252e+00	3.053e-02	41.02	1.443e+00	6.766e-02	21.33	2.856e+00	5.403e-02	52.86
nircam3	9992	-8.293e-02	2.862e-02	-2.90	8.525e-02	2.065e-02	4.13	1.638e-01	4.571e-02	3.58	8.827e-01	5.472e-02	16.13	6.059e-01	4.691e-02	12.92	8.129e-01	3.904e-02	20.82	1.549e+00	4.136e-02	37.45	2.824e+00	9.028e-02	31.28	3.537e+00	7.311e-02	48.38
nircam4	315	3.223e-02	2.789e-02	1.16	6.927e-02	1.960e-02	3.53	3.872e-01	3.390e-02	11.42	1.296e+00	4.079e-02	31.77	9.164e-01	3.445e-02	26.60	7.138e-01	2.885e-02	24.75	6.120e-01	3.092e-02	19.79	6.406e-01	6.963e-02	9.20	4.923e-01	5.761e-02	8.55
nircam4	1669	1.267e-01	3.298e-02	3.84	1.058e-01	2.318e-02	4.56	3.526e-01	4.010e-02	8.79	1.260e+00	4.824e-02	26.11	7.862e-01	4.074e-02	19.30	4.819e-01	3.412e-02	14.13	5.557e-01	3.657e-02	15.20	4.005e-01	8.235e-02	4.86	8.377e-01	6.813e-02	12.29
nircam4	1843	3.272e-02	1.851e-02	1.77	4.700e-03	1.301e-02	0.36	2.620e-01	2.250e-02	11.65	6.903e-01	2.707e-02	25.50	4.062e-01	2.286e-02	17.77	4.563e-01	1.914e-02	23.83	3.643e-01	2.052e-02	17.75	3.278e-01	4.621e-02	7.09	4.150e-01	3.823e-02	10.85
nircam4	9859	2.444e-01	5.631e-02	4.34	2.984e-01	3.957e-02	7.54	1.847e+00	6.846e-02	26.98	2.461e+00	8.236e-02	29.88	3.094e+00	6.956e-02	44.48	1.656e+00	5.825e-02	28.43	1.317e+00	6.243e-02	21.09	6.412e-01	1.406e-01	4.56	7.673e-01	1.163e-01	6.60
nircam4	9427	-4.362e-02	3.347e-02	-1.30	1.722e-02	2.352e-02	0.73	4.392e-01	4.069e-02	10.79	8.253e-01	4.895e-02	16.86	8.984e-01	4.134e-02	21.73	7.187e-01	3.462e-02	20.76	7.220e-01	3.711e-02	19.46	8.901e-01	8.357e-02	10.65	8.048e-01	6.914e-02	11.64
nircam4	12415	7.203e-02	6.981e-02	1.03	1.237e-01	4.906e-02	2.52	3.183e-01	8.487e-02	3.75	2.313e+00	1.021e-01	22.65	1.157e+00	8.624e-02	13.42	2.271e+00	7.222e-02	31.44	2.617e+00	7.741e-02	33.80	4.080e+00	1.743e-01	23.41	3.707e+00	1.442e-01	25.70
nircam4	11659	6.034e-02	3.456e-02	1.75	3.986e-02	2.428e-02	1.64	1.079e-01	4.201e-02	2.57	7.928e-01	5.054e-02	15.68	5.397e-01	4.269e-02	12.64	7.825e-01	3.575e-02	21.89	1.530e+00	3.832e-02	39.93	3.200e+00	8.629e-02	37.09	3.841e+00	7.139e-02	53.81
nircam5	4547	-2.398e-02	2.383e-02	-1.01	-1.863e-02	1.615e-02	-1.15	2.487e-01	3.671e-02	6.77	1.325e+00	1.411e-04	9388.62	9.162e-01	1.073e-04	8542.39	6.774e-01	6.847e-05	9894.67	7.534e-01	3.295e-02	22.87	3.686e-01	9.984e-05	3692.24	3.836e-01	5.494e-05	6981.90
nircam5	9883	4.310e-02	2.996e-02	1.44	-5.973e-03	2.031e-02	-0.29	4.467e-01	4.616e-02	9.68	2.429e+00	1.774e-04	13691.48	1.815e+00	1.349e-04	13462.04	2.060e+00	8.608e-05	23927.07	2.213e+00	4.143e-02	53.42	2.257e+00	1.255e-04	17978.31	2.853e+00	6.908e-05	41301.48
nircam5	12083	2.851e-02	4.605e-02	0.62	1.269e-01	3.122e-02	4.06	7.898e-01	7.094e-02	11.13	2.634e+00	2.726e-04	9660.62	3.508e+00	2.073e-04	16927.14	2.996e+00	1.323e-04	22644.30	2.692e+00	6.368e-02	42.28	2.999e+00	1.929e-04	15544.76	4.940e+00	1.062e-04	46534.52
nircam5	12779	-1.797e-02	3.179e-02	-0.57	-4.784e-02	2.155e-02	-2.22	5.754e-01	4.898e-02	11.75	3.569e+00	1.882e-04	18961.14	3.261e+00	1.431e-04	22791.61	2.355e+00	9.135e-05	25776.04	2.726e+00	4.396e-02	62.00	2.849e+00	1.332e-04	21389.59	4.335e+00	7.330e-05	59139.55
nircam5	12888	-1.204e-04	2.546e-02	-0.00	3.588e-02	1.726e-02	2.08	2.356e+00	3.922e-02	60.07	5.076e+00	1.507e-04	33681.05	4.654e+00	1.146e-04	40625.96	4.241e+00	7.314e-05	57981.42	3.665e+00	3.520e-02	104.12	3.570e+00	1.067e-04	33474.63	5.604e+00	5.869e-05	95487.34
nircam6	3206	-6.098e-02	3.263e-02	-1.87	-3.028e-02	2.098e-02	-1.44	5.761e-01	5.098e-02	11.30	1.127e+00	6.103e-02	18.47	1.105e+00	5.265e-02	20.99	7.627e-01	4.355e-02	17.51	6.163e-01	4.589e-02	13.43	1.063e+00	9.984e-02	10.65	6.281e-01	8.124e-02	7.73
nircam7	7070	4.808e-03	1.897e-02	0.25	5.579e-02	1.157e-02	4.82	3.079e-01	2.558e-02	12.04	7.569e-01	1.162e-04	6512.72	6.390e-01	8.247e-05	7748.30	3.459e-01	6.058e-05	5708.97	4.263e-01	2.283e-02	18.68	4.302e-01	8.431e-05	5102.30	5.132e-01	5.017e-05	10228.64
nircam7	9437	-7.648e-03	3.119e-02	-0.25	5.853e-02	1.903e-02	3.08	-1.353e-01	4.206e-02	-3.22	7.493e-01	1.911e-04	3920.47	6.310e-01	1.356e-04	4652.87	9.319e-01	9.963e-05	9353.67	9.255e-01	3.754e-02	24.66	1.029e+00	1.387e-04	7419.70	1.310e+00	8.251e-05	15883.29
nircam7	9959	4.113e-02	1.778e-02	2.31	6.621e-02	1.085e-02	6.10	5.405e-01	2.397e-02	22.55	1.359e+00	1.089e-04	12472.76	8.171e-01	7.729e-05	10572.13	5.485e-01	5.678e-05	9661.20	5.198e-01	2.139e-02	24.30	5.068e-01	7.901e-05	6413.42	6.345e-01	4.702e-05	13494.88
nircam7	11615	-1.949e-04	2.464e-02	-0.01	1.125e-02	1.503e-02	0.75	2.308e-01	3.322e-02	6.95	4.599e-01	1.510e-04	3046.85	6.335e-01	1.071e-04	5914.05	4.768e-01	7.869e-05	6058.97	8.844e-01	2.965e-02	29.83	1.624e+00	1.095e-04	14831.69	2.300e+00	6.516e-05	35295.70
nircam7	11754	2.867e-02	3.887e-02	0.74	-2.369e-02	2.372e-02	-1.00	8.836e-01	5.242e-02	16.86	2.589e+00	2.382e-04	10871.44	2.083e+00	1.690e-04	12325.68	1.577e+00	1.242e-04	12697.97	1.313e+00	4.678e-02	28.07	1.550e+00	1.728e-04	8969.64	2.551e+00	1.028e-04	24809.16
nircam7	3581	3.163e-01	3.237e-02	9.77	1.213e-01	1.975e-02	6.14	1.405e+00	4.366e-02	32.19	1.705e+00	1.984e-04	8593.10	3.459e+00	1.408e-04	24577.01	2.146e+00	1.034e-04	20753.72	1.651e+00	3.896e-02	42.38	1.818e+00	1.439e-04	12633.37	1.746e+00	8.563e-05	20391.18
nircam7	13394	-6.540e-02	2.949e-02	-2.22	1.322e-02	1.799e-02	0.73	2.739e-01	3.977e-02	6.89	6.750e-01	1.807e-04	3735.23	7.598e-01	1.282e-04	5925.69	4.558e-01	9.419e-05	4838.93	5.502e-01	3.549e-02	15.50	2.701e-01	1.311e-04	2060.07	1.598e+00	7.801e-05	20487.61
nircam7	13743	6.658e-01	1.107e-01	6.01	3.216e-01	6.757e-02	4.76	2.112e+00	1.493e-01	14.14	5.836e+00	6.786e-04	8600.06	6.598e+00	4.815e-04	13703.92	7.468e+00	3.537e-04	21112.87	7.441e+00	1.333e-01	55.83	1.076e+01	4.923e-04	21861.61	1.124e+01	2.929e-04	38387.49
nircam7	14097	2.402e-01	4.030e-02	5.96	-4.276e-02	2.459e-02	-1.74	5.642e-01	5.434e-02	10.38	2.046e+00	2.469e-04	8284.94	2.235e+00	1.752e-04	12758.14	1.836e+00	1.287e-04	14266.68	1.783e+00	4.849e-02	36.78	1.696e+00	1.791e-04	9468.75	2.140e+00	1.066e-04	20079.93
nircam7	14208	-1.794e-02	4.492e-02	-0.40	-1.075e-01	2.741e-02	-3.92	-2.867e-01	6.058e-02	-4.73	2.037e+00	2.752e-04	7400.91	1.137e+00	1.953e-04	5820.14	1.223e+00	1.435e-04	8527.14	1.583e+00	5.406e-02	29.28	1.824e+00	1.997e-04	9133.00	1.411e+00	1.188e-04	11874.59
nircam8	1398	-1.415e-01	3.222e-02	-4.39	-1.647e-02	1.952e-02	-0.84	4.023e-01	4.303e-02	9.35	1.276e+00	1.840e-04	6932.01	9.653e-01	1.410e-04	6848.42	1.245e+00	9.111e-05	13662.09	1.171e+00	3.847e-02	30.45	1.281e+00	1.258e-04	10178.43	1.807e+00	7.608e-05	23750.40
nircam8	2080	1.768e-02	3.895e-02	0.45	1.081e-01	2.360e-02	4.58	1.541e-01	5.202e-02	2.96	1.480e+00	2.225e-04	6650.58	1.439e+00	1.704e-04	8442.99	1.235e+00	1.102e-04	11211.36	1.153e+00	4.651e-02	24.80	1.379e+00	1.521e-04	9067.11	2.039e+00	9.198e-05	22167.16
nircam8	2288	1.110e-01	2.986e-02	3.72	3.716e-02	1.809e-02	2.05	4.860e-01	3.988e-02	12.19	9.291e-01	1.706e-04	5446.98	9.789e-01	1.307e-04	7492.14	6.377e-01	8.446e-05	7550.32	4.401e-01	3.566e-02	12.34	5.334e-01	1.166e-04	4573.28	7.030e-01	7.052e-05	9968.43
nircam8	4493	5.867e-01	5.574e-02	10.53	2.273e-01	3.377e-02	6.73	2.204e+00	7.445e-02	29.61	4.431e+00	3.184e-04	13916.76	3.302e+00	2.439e-04	13540.38	3.884e+00	1.576e-04	24637.53	2.480e+00	6.656e-02	37.26	3.907e+00	2.177e-04	17946.28	2.810e+00	1.316e-04	21347.74
nircam8	6986	1.594e-02	3.256e-02	0.49	5.000e-02	1.973e-02	2.53	5.824e-01	4.348e-02	13.39	1.976e+00	1.860e-04	10627.56	9.588e-01	1.425e-04	6730.72	8.733e-01	9.208e-05	9484.50	1.030e+00	3.888e-02	26.49	9.976e-01	1.272e-04	7845.87	9.556e-01	7.689e-05	12428.56
nircam8	8954	9.855e-02	3.621e-02	2.72	1.512e-02	2.194e-02	0.69	1.282e-02	4.835e-02	0.27	1.638e+00	2.068e-04	7921.75	1.032e+00	1.584e-04	6513.41	1.274e+00	1.024e-04	12441.59	1.313e+00	4.323e-02	30.37	4.464e-01	1.414e-04	3157.49	2.123e+00	8.550e-05	24836.32
nircam8	9454	9.855e-02	2.856e-02	3.45	9.466e-02	1.730e-02	5.47	1.392e-01	3.814e-02	3.65	1.050e+00	1.631e-04	6435.61	1.049e+00	1.250e-04	8395.85	8.163e-01	8.077e-05	10106.00	6.980e-01	3.410e-02	20.47	6.111e-01	1.115e-04	5479.31	8.479e-01	6.744e-05	12571.94
nircam8	11712	1.138e-01	2.582e-02	4.41	3.939e-02	1.564e-02	2.52	3.649e-02	3.448e-02	1.06	7.345e-01	1.475e-04	4980.92	8.017e-01	1.130e-04	7097.78	8.859e-01	7.301e-05	12132.84	9.951e-01	3.083e-02	32.28	1.509e+00	1.008e-04	14964.63	1.728e+00	6.097e-05	28346.71
nircam8	14604	4.303e-02	2.954e-02	1.46	-2.812e-03	1.790e-02	-0.16	6.179e-01	3.946e-02	15.66	1.218e+00	1.687e-04	7215.27	9.891e-01	1.293e-04	7651.60	7.259e-01	8.355e-05	8687.35	5.152e-01	3.527e-02	14.61	8.489e-01	1.154e-04	7357.71	9.987e-01	6.977e-05	14315.44
nircam9	2646	1.352e-02	2.297e-02	0.59	2.040e-02	1.368e-02	1.49	1.295e-03	2.505e-02	0.05	5.039e-01	1.079e-04	4670.39	6.793e-01	1.063e-04	6387.53	4.657e-01	6.028e-05	7726.35	4.042e-01	2.682e-02	15.07	4.612e-01	9.231e-05	4995.48	3.096e-01	4.316e-05	7173.00
nircam9	3096	1.023e-01	3.876e-02	2.64	9.306e-02	2.309e-02	4.03	5.354e-01	4.227e-02	12.67	2.004e+00	1.821e-04	11009.25	9.077e-01	1.795e-04	5057.75	1.117e+00	1.017e-04	10977.08	1.046e+00	4.525e-02	23.12	1.091e+00	1.558e-04	7001.54	1.795e+00	7.283e-05	24640.78
nircam9	5572	8.837e-02	2.466e-02	3.58	9.175e-03	1.469e-02	0.62	8.275e-02	2.689e-02	3.08	3.411e-01	1.158e-04	2944.88	4.047e-01	1.142e-04	3544.63	8.486e-01	6.471e-05	13114.35	1.300e+00	2.879e-02	45.17	2.023e+00	9.910e-05	20418.84	3.062e+00	4.633e-05	66089.27
nircam9	9061	-8.051e-02	2.696e-02	-2.99	1.006e-02	1.606e-02	0.63	2.009e-01	2.940e-02	6.83	3.676e-01	1.266e-04	2902.89	5.241e-01	1.248e-04	4198.86	5.848e-01	7.075e-05	8266.56	4.358e-01	3.147e-02	13.85	1.127e+00	1.083e-04	10404.91	6.536e-01	5.065e-05	12903.30
nircam9	8076	1.872e-02	7.706e-03	2.43	-3.953e-03	4.590e-03	-0.86	2.592e-02	8.405e-03	3.08	3.056e-03	3.620e-05	84.40	3.130e-02	3.568e-05	877.13	-2.804e-02	2.023e-05	-1386.37	-5.292e-03	8.998e-03	-0.59	7.712e-01	3.097e-05	24899.22	3.241e-02	1.448e-05	2238.06
nircam10	1424	-1.198e-01	4.151e-02	-2.89	1.721e-03	2.824e-02	0.06	4.933e-01	5.316e-02	9.28	1.552e+00	6.472e-02	23.99	1.329e+00	5.499e-02	24.17	8.071e-01	4.948e-02	16.31	6.590e-01	4.963e-02	13.28	1.259e+00	1.110e-01	11.34	8.776e-01	9.181e-02	9.56
nircam10	1935	-9.518e-02	3.350e-02	-2.84	-2.644e-02	2.279e-02	-1.16	3.651e-01	4.290e-02	8.51	9.619e-01	5.223e-02	18.42	1.017e+00	4.438e-02	22.93	5.805e-01	3.993e-02	14.54	7.855e-01	4.005e-02	19.61	4.701e-01	8.961e-02	5.25	1.208e+00	7.410e-02	16.30
nircam10	7847	2.141e-01	4.465e-02	4.79	1.313e-01	3.038e-02	4.32	2.366e+00	5.719e-02	41.38	4.469e+00	6.962e-02	64.19	2.751e+00	5.915e-02	46.51	1.880e+00	5.322e-02	35.32	1.850e+00	5.338e-02	34.67	1.858e+00	1.194e-01	15.55	1.713e+00	9.876e-02	17.34
nircam10	9562	8.373e-02	2.451e-02	3.42	1.178e-02	1.668e-02	0.71	3.569e-01	3.139e-02	11.37	1.487e+00	3.822e-02	38.90	1.407e+00	3.247e-02	43.32	1.003e+00	2.922e-02	34.33	9.069e-01	2.931e-02	30.95	1.021e+00	6.557e-02	15.57	7.044e-01	5.422e-02	12.99
nircam10	10415	2.169e-02	1.913e-02	1.13	5.730e-02	1.302e-02	4.40	3.769e-01	2.451e-02	15.38	9.783e-01	2.983e-02	32.79	7.622e-01	2.535e-02	30.07	5.547e-01	2.281e-02	24.32	6.029e-01	2.287e-02	26.36	4.193e-01	5.118e-02	8.19	5.345e-01	4.232e-02	12.63
